Date	U1	NINO3	Nino3
1949-01-01	-0.9765714	-0.3221875	-0.3777917
1949-02-01	-1.388	-0.347625	0.119625
1949-03-01	-0.5522857	-0.081000008	-0.41575
1949-04-01	-1.914	0.2090625	0.37075
1949-05-01	-2.217143	-0.107625	0.2958333
1949-06-01	-2.771714	-0.2990625	-0.4814167
1949-07-01	-1.650571	-0.422875	-0.8129584
1949-08-01	-4.968286	-0.086875007	-0.6470417
1949-09-01	-3.939143	-0.3241875	-0.9257084
1949-10-01	-2.558571	-0.3146875	-1.08475
1949-11-01	-1.838	-0.228125	-1.513708
1949-12-01	-1.222857	-0.103	-1.293167
1950-01-01	-1.097714	0.1731875	-1.264958
1950-02-01	-1.438286	0.018375006	-1.398792
1950-03-01	-2.414	-0.116875	-0.5907917
1950-04-01	-3.569429	-0.227625	-0.6573334
1950-05-01	-4.074857	-0.3483125	-1.079458
1950-06-01	-2.662571	-0.466375	-0.561375
1950-07-01	-1.927714	-0.2745	-0.4275834
1950-08-01	-3.758857	-0.1368125	-0.3512084
1950-09-01	-2.828857	-0.094625004	-0.9217501
1950-10-01	-2.534286	-0.2954375	-0.6642917
1950-11-01	0.1962857	-0.2790625	-0.69525
1950-12-01	-2.624857	-0.261625	-0.4615
1951-01-01	-1.139143	-0.13525	-0.2005417
1951-02-01	-1.501429	-0.466125	-0.113
1951-03-01	0.2885714	-0.3235	-0.080708332
1951-04-01	-0.093714274	-0.332375	0.12925
1951-05-01	-0.27	-0.58825	0.3492084
1951-06-01	-2.998857	-0.777	0.6534584
1951-07-01	-1.174571	-0.6953125	0.9438334
1951-08-01	0.0011428678	-0.5950626	0.9537084
1951-09-01	-0.822	-0.7368125	0.8770834
1951-10-01	-0.7802857	-0.440625	0.9367084
1951-11-01	-1.660857	-0.5100625	1.058167
1951-12-01	0.1371429	-0.784875	0.7833334
1952-01-01	-1.162571	-0.554	0.6069584
1952-02-01	-0.2328571	-0.24475	0.437875
1952-03-01	-2.155714	-0.3274375	0.2175417
1952-04-01	-1.146571	-0.023187501	0.4243334
1952-05-01	-3.006857	-0.101875	0.1422917
1952-06-01	-3.399429	-0.0065625007	-0.265125
1952-07-01	-4.113714	0.027875001	-0.4897917
1952-08-01	-3.922571	0.085875005	-0.2794583
1952-09-01	-0.8905714	-0.16075	-0.1289583
1952-10-01	-1.982857	-0.031937502	-0.074583337
1952-11-01	-0.7237143	0.081437498	-0.4577917
1952-12-01	-1.006857	0.3244375	-0.22925
1953-01-01	-0.8134286	0.2443125	0.15475
1953-02-01	-1.46	-0.022187499	0.37275
1953-03-01	-2.892857	-0.1279375	0.2254583
1953-04-01	-3.145429	-0.014000001	0.6130417
1953-05-01	-1.735143	-0.139	0.4869584
1953-06-01	-3.508571	0.027000003	0.5982917
1953-07-01	-3.139429	0.045812503	0.40175
1953-08-01	-3.276857	-0.160375	0.422375
1953-09-01	-3.368857	0.087062508	1.030625
1953-10-01	-1.454857	0.185625	0.535
1953-11-01	-1.216857	0.1509375	0.3735417
1953-12-01	0.3457143	-0.088500008	0.428875
1954-01-01	-1.66	-0.1114375	0.2042917
1954-02-01	-1.477429	-0.064687505	-0.031291667
1954-03-01	-0.7365714	-0.010750001	-0.1205417
1954-04-01	-1.957429	-0.1870625	-0.767
1954-05-01	-1.307429	-0.3258125	-0.76675
1954-06-01	-0.6374286	-0.1308125	-0.6817917
1954-07-01	-1.436857	-0.3028125	-0.7750834
1954-08-01	-1.943143	-0.253875	-0.7529167
1954-09-01	-1.966	-0.1180625	-0.9442917
1954-10-01	-0.3354286	-0.1701875	-0.80575
1954-11-01	1.098286	-0.2511875	-0.5814583
1954-12-01	-0.043142844	-0.4425	-0.8240417
1955-01-01	-1.911714	-0.3725625	-0.4450417
1955-02-01	-3.802	-0.4930625	-0.393625
1955-03-01	-3.422857	-0.3189375	-0.3714584
1955-04-01	-3.227429	-0.4345625	-0.4055
1955-05-01	-1.203714	-0.36375	-0.95825
1955-06-01	-1.304	-0.2465	-0.8116667
1955-07-01	-1.261714	0.0024999997	-0.5105417
1955-08-01	-2.003714	-0.13725	-0.5210417
1955-09-01	-2.281143	-0.046124998	-0.9434167
1955-10-01	-0.3611429	-0.4590625	-1.259667
1955-11-01	-0.558	-0.5641875	-1.72825
1955-12-01	-0.6528571	-0.334625	-1.362417
1956-01-01	-3.272857	-0.129875	-0.8777917
1956-02-01	-3.513714	-0.1854375	-0.29675
1956-03-01	-2.569714	-0.443375	-0.335875
1956-04-01	-1.244857	-0.526625	-0.3919167
1956-05-01	0.9911429	-0.1345	-0.2565417
1956-06-01	1.896857	-0.082937501	-0.31225
1956-07-01	0.2868572	-0.218	-0.3865417
1956-08-01	-2.942	-0.3469375	-0.459
1956-09-01	-3.534	-0.3800625	-0.5269583
1956-10-01	-2.362286	-0.4260625	-0.61125
1956-11-01	-0.374	-0.776125	-0.9212084
1956-12-01	-1.028857	-0.5395625	-0.5896667
1957-01-01	-2.764857	-0.4438125	-0.548875
1957-02-01	-1.710857	-0.106	0.134125
1957-03-01	-2.042571	-0.1096875	0.5798751
1957-04-01	-2.680286	-0.2253125	0.6876667
1957-05-01	-3.797429	-0.3348125	0.7767917
1957-06-01	-2.838857	-0.1314375	0.9380417
1957-07-01	-0.6491429	0.045187503	1.17175
1957-08-01	-3.588	-0.0051249978	1.39425
1957-09-01	-1.246	0.055062503	0.8230417
1957-10-01	-2.558857	0.263125	0.8654584
1957-11-01	0.0045714225	-0.282375	1.295542
1957-12-01	-2.350571	-0.333875	1.24575
1958-01-01	-1.71	-0.029937502	1.454958
1958-02-01	-2.11	0.059187502	1.122625
1958-03-01	-0.8037143	-0.1763125	0.6045001
1958-04-01	-0.5022857	-0.2480625	0.3869167
1958-05-01	-0.9677143	0.011250001	0.5602917
1958-06-01	-2.808286	0.046250004	0.3310834
1958-07-01	-1.699429	0.21975	0.2275833
1958-08-01	-4.020571	0.3255625	0.1564583
1958-09-01	-1.058	0.28475	-0.0017916674
1958-10-01	-0.1837143	0.283625	-0.02141667
1958-11-01	-1.957143	0.2523125	0.1468333
1958-12-01	-0.7825714	0.5308125	0.1662917
1959-01-01	-1.075143	0.4809375	-0.010083335
1959-02-01	-3.402857	0.3838125	-0.028083334
1959-03-01	-1.419143	0.457375	-0.1025
1959-04-01	-3.471143	0.6583126	0.3557084
1959-05-01	-2.522571	0.6176875	0.3619167
1959-06-01	-1.024286	0.277875	-0.041999999
1959-07-01	-3.462286	0.033062503	-0.3919584
1959-08-01	-0.5782858	-0.027999999	-0.5303333
1959-09-01	-2.393429	-0.1874375	-0.255875
1959-10-01	-1.593429	0.010937504	0.050375003
1959-11-01	-1.918	0.094625004	-0.0043750009
1959-12-01	-0.6005715	-0.1178125	-0.039875001
1960-01-01	0.1288572	-0.2815	0.065375
1960-02-01	-1.080571	-0.4014375	-0.1235
1960-03-01	1.016571	-0.4369375	0.2257917
1960-04-01	-0.5234286	-0.3515	0.056375004
1960-05-01	1.456857	-0.28425	-0.039416667
1960-06-01	-1.182857	-0.17725	-0.289125
1960-07-01	-4.059143	0.019750001	-0.17875
1960-08-01	-2.866286	-0.077437505	0.1907917
1960-09-01	-2.416286	-0.310125	0.1380417
1960-10-01	-1.536857	-0.41075	-0.5229583
1960-11-01	-0.78	-0.3803125	-0.4422917
1960-12-01	-1.798857	-0.3584375	-0.3513333
1961-01-01	-0.8094286	-0.3780625	-0.34575
1961-02-01	-1.095143	-0.6125625	0.1231667
1961-03-01	-1.140857	-0.3630625	0.027375
1961-04-01	-1.647714	-0.395375	0.5303333
1961-05-01	-0.3805714	-0.020687502	0.3475417
1961-06-01	-3.548	0.080187507	0.6330833
1961-07-01	-2.619429	0.109625	-0.2915833
1961-08-01	-3.489714	-0.073375002	-0.6474167
1961-09-01	-3.907714	0.2111875	-0.969
1961-10-01	-2.510857	-0.0098750014	-0.6770417
1961-11-01	-2.012	-0.011937501	-0.2874167
1961-12-01	-2.442286	0.1825625	-0.089416675
1962-01-01	0.5774286	0.357125	-0.2354583
1962-02-01	-1.225429	0.1191875	-0.083666667
1962-03-01	-2.227143	-0.100875	-0.4315417
1962-04-01	-1.385429	0.1830625	-0.6563751
1962-05-01	1.86	0.17375	-0.4654167
1962-06-01	-0.057142854	-0.213875	-0.2419167
1962-07-01	0.9434286	-0.123	-0.1547083
1962-08-01	-0.6714286	-0.1275625	-0.078333333
1962-09-01	-1.115143	-0.2416875	-0.4087084
1962-10-01	0.2157143	-0.1503125	-0.4275417
1962-11-01	0.9191428	0.1263125	-0.6003751
1962-12-01	-0.4931428	0.1953125	-0.7388334
1963-01-01	-2.161714	0.030500002	-0.4727083
1963-02-01	-0.7745714	0.066937506	-0.3284583
1963-03-01	-2.161143	0.059562504	0.059791669
1963-04-01	-0.4262857	0.3261875	0.2882083
1963-05-01	-2.340286	0.1976875	0.4530834
1963-06-01	-0.2968571	-0.186375	0.5908334
1963-07-01	-3.354286	-0.233375	0.9572917
1963-08-01	-2.709143	-0.2628125	1.027917
1963-09-01	-3.537714	-0.320375	0.9019167
1963-10-01	-1.344571	-0.4498125	1.025583
1963-11-01	-1.244	-0.2355625	0.8132917
1963-12-01	-0.7034286	-0.1090625	1.148458
1964-01-01	-0.3525714	-0.5053125	0.5010417
1964-02-01	-0.2485714	-0.338875	0.1721667
1964-03-01	-1.746	-0.030249998	-0.3676667
1964-04-01	-2.409429	-0.325625	-0.65725
1964-05-01	-0.1125714	-0.274625	-1.065667
1964-06-01	-0.4162857	-0.2486875	-1.141208
1964-07-01	0.2477143	-0.2856875	-0.8432084
1964-08-01	-3.688571	-0.4739375	-1.017333
1964-09-01	-3.234571	-0.309	-0.8000417
1964-10-01	0.5234286	-0.1759375	-0.6323751
1964-11-01	0.21	-0.5780625	-0.817625
1964-12-01	-0.073142856	-0.59575	-1.11775
1965-01-01	-2.558	-0.4493125	-0.6389583
1965-02-01	-0.5954286	-0.13125	-0.1990833
1965-03-01	-0.3562857	-0.035000004	-0.1632083
1965-04-01	-1.534	-0.020812502	0.2124167
1965-05-01	-1.442571	0.2669375	0.9646251
1965-06-01	-2.535429	0.076812506	0.92475
1965-07-01	-1.944	0.289	1.028125
1965-08-01	-1.799429	-0.045937505	1.262
1965-09-01	-3.282857	0.2289375	1.471042
1965-10-01	-1.405714	0.3085	1.46025
1965-11-01	-0.5628572	0.2608125	1.617833
1965-12-01	-1.466571	0.392625	1.512708
1966-01-01	-0.1111429	0.1796875	1.333667
1966-02-01	-1.566857	0.12725	0.7800834
1966-03-01	-1.550286	0.1193125	0.2234583
1966-04-01	0.9225714	-0.0381875	0.2398333
1966-05-01	-0.2357143	-0.1295625	-0.4439167
1966-06-01	-2.091143	-0.00049999962	0.02541667
1966-07-01	-3.899143	0.048000004	0.2542084
1966-08-01	-1.777429	-0.059375003	-0.1462917
1966-09-01	-1.509429	-0.136625	-0.250125
1966-10-01	-0.7811429	-0.3244375	-0.1090417
1966-11-01	-1.302	0.23475	-0.3313333
1966-12-01	-0.8797143	0.6307501	-0.4881667
1967-01-01	-0.3068571	0.370625	-0.2909583
1967-02-01	-0.6248571	0.30225	-0.095416673
1967-03-01	-2.098572	0.319	-0.2873333
1967-04-01	-1.165429	0.210375	-0.5887083
1967-05-01	-1.438	0.267	-0.2104583
1967-06-01	-3.928571	0.00087499974	0.1040417
1967-07-01	-2.579714	-0.1554375	-0.2443333
1967-08-01	-5.233428	-0.18825	-0.7592917
1967-09-01	-2.468571	-0.037500001	-0.9951667
1967-10-01	-3.021714	-0.2451875	-0.9199584
1967-11-01	0.6914285	-0.221875	-0.9175
1967-12-01	0.4831429	-0.2021875	-0.871125
1968-01-01	-3.540571	-0.0095000006	-1.018083
1968-02-01	0.09285713	-0.2289375	-1.241583
1968-03-01	-1.841714	-0.011375	-1.086333
1968-04-01	0.6251429	-0.096437506	-0.6218334
1968-05-01	-0.8554286	-0.6964375	-0.5748334
1968-06-01	-2.785143	-0.927125	0.093333334
1968-07-01	-1.132571	-0.8541875	0.5954584
1968-08-01	0.8505715	-0.3526875	0.4332917
1968-09-01	-1.854	-0.379	0.3615417
1968-10-01	-0.6442857	-0.063500002	0.30025
1968-11-01	0.1645714	0.038937505	0.56225
1968-12-01	-1.540571	0.016187504	0.6919167
1969-01-01	-2.680857	0.4884375	0.9538751
1969-02-01	-2.218571	0.7889376	0.5150834
1969-03-01	-1.968286	0.818	0.52825
1969-04-01	-0.2662857	0.4288125	0.5159167
1969-05-01	-2.650571	0.4720625	1.1275
1969-06-01	-2.559428	0.22375	0.9589584
1969-07-01	-3.560571	0.3534375	0.4381667
1969-08-01	-3.191714	0.4610625	0.5562917
1969-09-01	-3.947143	0.3423125	1.054083
1969-10-01	-1.842286	0.2490625	1.008292
1969-11-01	-1.704571	0.5619375	1.065292
1969-12-01	-0.9222857	-0.0176875	1.118542
1970-01-01	-1.271429	-0.138	1.108375
1970-02-01	-3.374286	0.098812506	0.6450834
1970-03-01	-4.274	0.32325	0.3089584
1970-04-01	-2.044857	0.067687504	0.245375
1970-05-01	-2.689143	-0.0076874988	-0.2194583
1970-06-01	-2.712571	-0.2681875	-0.7600001
1970-07-01	-3.171714	-0.211875	-1.693625
1970-08-01	-3.952	-0.292375	-1.713375
1970-09-01	-1.697714	0.013437499	-1.241958
1970-10-01	-0.5077143	-0.1705625	-1.112875
1970-11-01	1.177714	-0.028750002	-1.270458
1970-12-01	-3.316857	0.33575	-1.647375
1971-01-01	-3.688	0.5521875	-1.5305
1971-02-01	-3.978571	0.9566876	-1.316417
1971-03-01	-3.970286	0.5733125	-1.174458
1971-04-01	-2.414857	0.388875	-0.46425
1971-05-01	-2.576857	0.1571875	-0.6747917
1971-06-01	-1.738286	0.085562505	-0.5715
1971-07-01	-2.920571	-0.2845	-0.373
1971-08-01	-3.642286	-0.0053750016	-0.6012917
1971-09-01	-2.43	-0.070625007	-0.5732501
1971-10-01	-1.350571	-0.3	-0.782625
1971-11-01	-0.4102857	-0.4150625	-0.8493333
1971-12-01	-2.107429	-0.6563751	-0.9325417
1972-01-01	-4.652571	0.2951875	-0.33425
1972-02-01	-2.182857	0.420875	-0.1992917
1972-03-01	-2.912571	0.375	-0.026458336
1972-04-01	-0.988	0.2278125	0.4203334
1972-05-01	-1.488571	0.14625	0.8338751
1972-06-01	-3.224	0.174125	1.061708
1972-07-01	-1.716286	0.2949375	1.456083
1972-08-01	-2.472	0.2116875	1.941125
1972-09-01	-3.112	0.1236875	1.839542
1972-10-01	-2.102857	0.2386875	2.044333
1972-11-01	-1.173429	0.286875	2.290125
1972-12-01	-1.356	0.3421875	2.321167
1973-01-01	-4.628	0.688125	1.636292
1973-02-01	-3.970572	0.5979375	1.2655
1973-03-01	-0.8411429	0.5923125	0.785625
1973-04-01	-4.308571	0.58175	0.1032083
1973-05-01	-1.505143	0.6801251	-0.8864584
1973-06-01	-3.037429	0.9474375	-0.9628751
1973-07-01	-2.643714	1.031	-1.038542
1973-08-01	-2.327714	1.01975	-1.399625
1973-09-01	-2.697143	0.3604375	-1.241917
1973-10-01	-0.254	0.3865	-1.424875
1973-11-01	-0.9205714	0.4984375	-1.562292
1973-12-01	-2.429143	0.4383125	-1.525208
1974-01-01	-3.522857	0.48825	-1.394792
1974-02-01	-5.047429	0.277625	-1.156375
1974-03-01	-1.489143	-0.1791875	-0.441875
1974-04-01	-2.541143	0.2385	-0.2852083
1974-05-01	-2.598857	0.2136875	0.1253333
1974-06-01	-1.026857	-0.091000006	0.2641667
1974-07-01	-3.641714	-0.048875004	-0.090708338
1974-08-01	-0.738	0.2609375	0.078291669
1974-09-01	-2.904	0.2194375	-0.2987083
1974-10-01	-0.1611428	0.50725	-0.2244584
1974-11-01	-1.357714	0.2643125	-0.55025
1974-12-01	-1.802571	0.35825	-0.4072917
1975-01-01	-3.597714	0.39075	-0.1984583
1975-02-01	-3.462286	0.0223125	-0.3962917
1975-03-01	-4.035429	0.2553125	-0.4005
1975-04-01	-1.400571	-0.106	-0.043125
1975-05-01	-1.416857	0.022000004	-0.4488333
1975-06-01	-2.841143	0.094875008	-0.8572917
1975-07-01	-1.405429	-0.2074375	-0.8129584
1975-08-01	-4.067143	0.1538125	-0.5033751
1975-09-01	-4.530857	-0.3428125	-0.8416667
1975-10-01	-0.7817143	0.041437503	-1.100583
1975-11-01	-1.260571	-0.1535	-1.127542
1975-12-01	-2.942571	0.033000007	-1.465
1976-01-01	-4.404572	-0.211125	-1.739667
1976-02-01	-2.682286	-0.3054375	-1.0405
1976-03-01	-3.795714	-0.293	-0.2500834
1976-04-01	-3.118857	-0.087937504	-0.051666666
1976-05-01	-0.598	-0.6193125	0.1636667
1976-06-01	-3.643143	-0.454375	0.7459584
1976-07-01	-1.899714	-0.352375	0.6729584
1976-08-01	-1.802857	-0.114125	1.182292
1976-09-01	0.8048572	0.2068125	1.214958
1976-10-01	-0.7771429	0.049625002	1.315208
1976-11-01	-0.7368571	-0.3814375	1.123917
1976-12-01	-0.8431429	-0.1704375	1.025167
1977-01-01	-0.8151429	-0.3011875	1.211042
1977-02-01	-5.983428	-0.098375	0.6994584
1977-03-01	-3.643714	0.250875	0.583625
1977-04-01	-1.979143	0.3875625	-0.2445417
1977-05-01	-1.133143	0.265	0.309875
1977-06-01	-2.302572	0.2473125	0.32825
1977-07-01	-4.098	0.1155625	0.090666674
1977-08-01	-1.836286	0.281375	-0.3710417
1977-09-01	-1.525429	0.062625006	-0.054500002
1977-10-01	-2.676	0.42675	0.39225
1977-11-01	-1.456857	0.3114375	0.6213334
1977-12-01	-1.662	-0.087187506	0.4562083
1978-01-01	-2.929714	-0.155	0.5896667
1978-02-01	-1.399143	-0.1886875	0.2877083
1978-03-01	-3.511714	-0.1159375	0.050124999
1978-04-01	-1.205143	-0.159875	-0.4830834
1978-05-01	0.4957143	-0.052437503	-0.2818334
1978-06-01	-2.211143	-0.2510625	-0.65125
1978-07-01	-2.069714	0.2314375	-0.6697084
1978-08-01	-2.628572	0.17725	-0.762125
1978-09-01	-2.786572	0.2291875	-0.5003334
1978-10-01	-1.819429	0.3728125	-0.32825
1978-11-01	-2.623429	0.2316875	-0.044791669
1978-12-01	-1.853429	-0.154625	0.2444167
1979-01-01	1.350286	-0.4490625	-0.1144167
1979-02-01	-0.7265714	-0.6621875	0.0057500005
1979-03-01	-0.9562857	-0.61375	0.2442917
1979-04-01	-0.76	-0.17525	0.4585834
1979-05-01	-1.061429	-0.2068125	0.5518333
1979-06-01	-2.632571	-0.074187502	0.4878334
1979-07-01	-1.165714	0.150125	0.098583341
1979-08-01	-1.889429	0.2245625	0.515875
1979-09-01	-0.9168572	0.2915	1.07025
1979-10-01	-2.157714	0.446875	0.5534167
1979-11-01	-0.7331429	0.1831875	0.3419167
1979-12-01	-1.917143	0.243375	0.5520417
1980-01-01	-1.140571	0.044812504	0.4616667
1980-02-01	-1.763143	-0.071500003	0.2633334
1980-03-01	-4.729143	-0.031187505	0.1430833
1980-04-01	-3.777429	0.207875	0.294375
1980-05-01	-3.148571	0.398	0.390875
1980-06-01	-2.042857	0.1685625	0.5747917
1980-07-01	-2.743143	0.084562503	0.012124998
1980-08-01	-3.620286	-0.1689375	-0.078000002
1980-09-01	-1.138286	0.284125	-0.1484583
1980-10-01	-3.181429	0.071187504	-0.3381667
1980-11-01	-1.637143	0.2098125	0.1805
1980-12-01	-1.321714	-0.3455	0.4969167
1981-01-01	-2.836857	-0.0069999998	-0.5247083
1981-02-01	-5.392571	-0.2328125	-0.6013334
1981-03-01	0.039142855	-0.3211875	-0.2345833
1981-04-01	-1.194	-0.533875	-0.5125417
1981-05-01	-2.795714	-0.6956875	-0.034958337
1981-06-01	-1.360857	-0.67225	0.0083333347
1981-07-01	-1.478	-0.3028125	-0.3842917
1981-08-01	-1.851143	-0.344125	-0.6066667
1981-09-01	-3.379143	-0.4190625	-0.078625001
1981-10-01	-0.4134286	-0.41925	0.055041667
1981-11-01	-1.084857	-0.0043465327	-0.2192791
1981-12-01	-2.556286	0.1068226	0.1892669
1982-01-01	-1.203714	-0.1139353	0.4870127
1982-02-01	-4.306857	-0.2281092	0.1816481
1982-03-01	-0.9557143	-0.238079	0.05581706
1982-04-01	-0.3502857	-0.3196898	0.4729681
1982-05-01	-0.1962857	-0.2841803	1.071667
1982-06-01	-2.988857	-0.096052013	1.189306
1982-07-01	-2.306286	0.1281835	0.8578774
1982-08-01	-2.178286	0.1930663	1.258221
1982-09-01	-0.07514286	0.2943586	1.860999
1982-10-01	-1.192	0.1007946	2.3184
1982-11-01	-3.781714	0.1311471	2.718598
1982-12-01	-2.512571	0.276198	3.363827
1983-01-01	-0.3877143	0.2517511	3.37324
1983-02-01	-3.500857	0.4205768	2.733353
1983-03-01	-1.889714	0.4354549	2.178246
1983-04-01	-1.530571	0.3935833	1.928413
1983-05-01	-2.344	0.5731826	2.283393
1983-06-01	-2.830571	0.5498164	1.96053
1983-07-01	-1.944857	0.5531933	1.27588
1983-08-01	-1.931429	0.5496145	1.132818
1983-09-01	-2.494286	0.3043515	0.7717636
1983-10-01	-2.347714	0.3314367	0.1209264
1983-11-01	-0.5831429	0.5332074	-0.3571605
1983-12-01	-1.438571	0.5423598	-0.2658243
1984-01-01	-4.390572	0.7204818	-0.4793253
1984-02-01	-6.045714	1.021526	-0.058639105
1984-03-01	-1.854571	0.760276	0.1053973
1984-04-01	-3.948	0.1537695	0.071833812
1984-05-01	-4.383429	0.5990613	-0.1986597
1984-06-01	-4.553714	0.7057903	-0.7085969
1984-07-01	-3.648286	0.7007886	-0.5180637
1984-08-01	-1.458286	0.6524041	-0.3228629
1984-09-01	-0.2017143	0.3147861	-0.1253941
1984-10-01	-1.984571	0.320586	-0.5109966
1984-11-01	-1.847429	0.1648791	-0.5828586
1984-12-01	-0.4962857	0.3256001	-1.036109
1985-01-01	1.867714	0.1799001	-0.8458371
1985-02-01	-3.808857	0.1264127	-0.8867411
1985-03-01	-1.899429	0.3490374	-0.7210725
1985-04-01	-2.829714	0.315388	-0.5681787
1985-05-01	-1.944571	0.4322505	-0.4843563
1985-06-01	-0.3945714	0.4968897	-0.6043513
1985-07-01	-3.592	0.2440979	-0.7392242
1985-08-01	-2.910857	0.2698904	-0.4996447
1985-09-01	-1.455143	0.015448844	-0.3989283
1985-10-01	-0.2802857	0.4336709	-0.4584454
1985-11-01	-2.265143	0.1047681	-0.4271957
1985-12-01	0.1374286	0.031676028	-0.5075276
1986-01-01	-1.488286	0.363775	-0.6346668
1986-02-01	-2.816571	0.5900273	-0.3249319
1986-03-01	-3.569428	0.6681814	-0.1093124
1986-04-01	-2.146	0.5063552	-0.048414167
1986-05-01	-2.627714	0.7355866	0.0049637966
1986-06-01	-2.991143	0.4057473	0.077932306
1986-07-01	-0.6068572	0.4048188	0.1773651
1986-08-01	-1.641714	0.3733706	0.2053755
1986-09-01	-2.372857	0.2381396	0.7186984
1986-10-01	-1.270286	0.1557836	0.9013857
1986-11-01	-3.229429	0.015322993	1.165062
1986-12-01	-1.861143	0.3095911	1.026898
1987-01-01	-2.572	0.5054188	1.235457
1987-02-01	-5.088286	0.5301869	1.187607
1987-03-01	-1.026286	0.5905802	1.301926
1987-04-01	-2.598572	0.9409624	1.294919
1987-05-01	-0.7931429	1.179226	1.405673
1987-06-01	-1.358857	0.8691133	1.388945
1987-07-01	-1.783714	0.8949059	1.523637
1987-08-01	-0.3097143	0.8369178	1.653842
1987-09-01	-1.416286	0.7805411	1.958266
1987-10-01	-1.785429	1.005702	1.588832
1987-11-01	-1.164	0.7878767	1.403412
1987-12-01	-0.7737143	0.7468337	1.320229
1988-01-01	-3.418571	0.8006407	0.7687946
1988-02-01	-2.746286	1.06202	0.4148731
1988-03-01	-1.808571	0.628238	0.2478773
1988-04-01	-1.948857	0.7496288	-0.2698154
1988-05-01	-0.5454286	0.6768931	-1.057158
1988-06-01	-1.607143	0.6211202	-1.538973
1988-07-01	-1.899143	0.402478	-1.687551
1988-08-01	-3.268286	0.2337048	-1.429175
1988-09-01	-3.314857	0.2051347	-0.8528308
1988-10-01	-0.828	0.4264823	-1.32105
1988-11-01	-0.9391429	0.4722139	-1.562348
1988-12-01	-1.256857	0.2613118	-1.626626
1989-01-01	-4.254857	0.4794652	-1.285097
1989-02-01	-3.224857	0.5312476	-0.7039106
1989-03-01	-2.981714	0.4176124	-0.8281998
1989-04-01	-3.082	0.4364505	-0.4641925
1989-05-01	-2.248857	0.3803565	-0.2483189
1989-06-01	-0.2645714	0.3337376	-0.1370418
1989-07-01	-0.8105714	0.3253664	-0.2109054
1989-08-01	-2.471429	0.2985023	-0.3159319
1989-09-01	-0.8534285	0.2374768	-0.1391509
1989-10-01	-0.3988571	0.3356233	-0.1411644
1989-11-01	-0.2008571	0.192645	-0.1405723
1989-12-01	0.8188571	-0.0056219669	-0.1664451
1990-01-01	-4.673143	0.042238373	-0.1060742
1990-02-01	-1.141429	0.1387276	0.1832923
1990-03-01	-3.830286	0.3530464	0.069615766
1990-04-01	-3.304	0.6396909	0.3849999
1990-05-01	-0.4677143	0.7737346	0.5657528
1990-06-01	-2.655429	0.6978623	0.2106992
1990-07-01	-0.5322857	0.5948635	-0.023654837
1990-08-01	-1.751714	0.4211527	0.2243111
1990-09-01	-0.3248571	0.3115551	0.2952966
1990-10-01	-1.977429	0.4653284	0.2000538
1990-11-01	-2.605714	0.588331	0.1311086
1990-12-01	-2.043714	0.3996018	0.2559903
1991-01-01	-0.5642857	-0.088417523	0.2694498
1991-02-01	-2.318571	0.03343346	0.1249639
1991-03-01	-1.545429	0.079675786	0.1075245
1991-04-01	-2.049143	0.1579656	0.2465065
1991-05-01	-1.552286	0.2178142	0.8586561
1991-06-01	-2.199143	0.095582575	1.081044
1991-07-01	-2.360857	0.065897621	1.087067
1991-08-01	-3.422	0.0018308626	0.7616611
1991-09-01	-0.4005714	0.2690568	0.5624858
1991-10-01	-2.681429	0.025908487	0.9871036
1991-11-01	-0.17	-0.1545542	1.264541
1991-12-01	-0.7651429	0.2793734	1.652729
1992-01-01	0.3954286	0.1555485	1.567671
1992-02-01	-2.680571	-0.045012109	1.448652
1992-03-01	-3.904571	-0.3029502	1.357022
1992-04-01	-0.9411429	-0.059405655	1.552384
1992-05-01	-1.201714	0.5090404	1.693643
1992-06-01	-3.224	0.2459379	0.7056187
1992-07-01	-2.636286	0.1549944	0.2348346
1992-08-01	-0.63	0.2985185	-0.029625317
1992-09-01	-1.475429	0.095682986	0.053890478
1992-10-01	-0.6977143	-0.049108997	0.020360434
1992-11-01	-1.100286	-0.033877812	0.091860466
1992-12-01	0.1542857	-0.1851215	0.077395633
1993-01-01	-2.898571	0.0053791068	0.142204
1993-02-01	-2.840571	0.3570273	0.4728059
1993-03-01	-3.882857	0.3536779	0.59709
1993-04-01	-2.076	0.4286694	1.126448
1993-05-01	-0.9325714	0.4867227	1.335078
1993-06-01	-1.184571	0.1161398	0.8483111
1993-07-01	-1.554	0.1960101	0.3735294
1993-08-01	-0.2577143	0.2444315	0.2318041
1993-09-01	-1.318857	0.4998763	0.5244814
1993-10-01	-2.429714	0.580547	0.5863422
1993-11-01	-1.811429	0.3824067	0.4903907
1993-12-01	-1.655714	0.546664	0.4735895
1994-01-01	-1.776286	0.2695333	0.3035384
1994-02-01	-3.639429	0.3621325	-0.07476455
1994-03-01	-1.083143	0.1248169	0.0052368795
1994-04-01	-2.774571	-0.071043335	-0.049832001
1994-05-01	-2.480286	0.1627578	0.3392357
1994-06-01	-1.552571	0.2666498	0.3520943
1994-07-01	-3.053429	0.2211828	-0.1918227
1994-08-01	-1.724286	0.3148898	-0.094010472
1994-09-01	-2.828857	0.067166805	0.3148815
1994-10-01	-3.085714	0.022737857	0.8847312
1994-11-01	-1.403429	-0.089873523	1.127853
1994-12-01	-2.113143	-0.033210445	1.163093
1995-01-01	-3.04	0.1317112	0.9692747
1995-02-01	-2.747429	0.1775529	0.6716681
1995-03-01	-2.300286	0.5578135	0.2564668
1995-04-01	-1.783143	0.3817556	0.046362456
1995-05-01	-0.6205714	0.523481	-0.09053757
1995-06-01	-2.146571	0.352098	0.1058094
1995-07-01	-3.692571	0.2609889	-0.015903004
1995-08-01	-4.298286	0.4134369	-0.3662512
1995-09-01	-2.538	0.2778515	-0.3707674
1995-10-01	-0.9157143	0.3693327	-0.5885706
1995-11-01	-0.6205714	0.1612339	-0.615575
1995-12-01	0.4862857	0.1688534	-0.6782694
1996-01-01	-4.638	0.3927592	-0.5436825
1996-02-01	-3.962286	0.8643973	-0.4961572
1996-03-01	-3.005429	0.578306	-0.1810227
1996-04-01	-3.681429	0.4716013	-0.4277782
1996-05-01	0.9928572	0.3801973	-0.3383714
1996-06-01	-2.251429	0.082875289	-0.2783068
1996-07-01	-0.6048571	0.036304422	-0.1692512
1996-08-01	-1.107714	0.1920859	-0.1828866
1996-09-01	-1.569143	-0.1377303	-0.1320677
1996-10-01	-1.018857	0.015198864	-0.1940699
1996-11-01	-0.8322857	0.0064219395	-0.2433063
1996-12-01	-1.760857	0.097346999	-0.5664774
1997-01-01	-1.705714	0.087667689	-0.6353493
1997-02-01	-4.285143	-0.1509789	-0.4531983
1997-03-01	-0.2451428	-0.2412159	0.020833697
1997-04-01	-0.7254286	-0.4547786	0.4987308
1997-05-01	-0.3151428	-0.090669148	1.33673
1997-06-01	2.269143	-0.145477	1.795883
1997-07-01	-2.656	0.1391325	2.311443
1997-08-01	-2.041143	0.1382314	2.83583
1997-09-01	-0.1897143	0.3162318	3.102611
1997-10-01	-0.27	0.438721	3.33035
1997-11-01	-1.796571	0.5165054	3.583895
1997-12-01	-2.488	0.6819912	3.678667
1998-01-01	-3.559429	0.9004018	3.442826
1998-02-01	-3.289714	0.8285063	2.748734
1998-03-01	-4.554857	0.8522783	2.209224
1998-04-01	-2.712	0.6333989	1.87169
1998-05-01	-0.7925714	0.6457617	1.552245
1998-06-01	-1.196	0.4587608	0.1553141
1998-07-01	-1.491429	0.5878004	-0.044845488
1998-08-01	-3.044	0.4202727	0.065858088
1998-09-01	-2.087429	0.3049473	-0.1373144
1998-10-01	-0.9262857	0.4299693	-0.4312032
1998-11-01	1.481143	0.2952185	-0.468196
1998-12-01	-0.696	0.6008903	-0.8018216
1999-01-01	-3.440286	0.6504311	-0.8765103
1999-02-01	-3.934286	0.5439885	-0.5616086
1999-03-01	-2.459714	0.3728473	-0.1913273
1999-04-01	-4.004	0.3209212	-0.4840641
1999-05-01	-0.3351429	0.2772278	-0.1590808
1999-06-01	-0.1085714	0.1603998	-0.5100415
1999-07-01	-3.687714	0.1493469	-0.6266689
1999-08-01	-2.669714	0.086418375	-0.7496135
1999-09-01	-0.2845714	0.2068256	-0.7674469
1999-10-01	-0.5025714	-0.023454854	-0.8359653
1999-11-01	0.8594285	-0.1897468	-1.141211
1999-12-01	-0.614	0.001293371	-1.246154
2000-01-01	-1.376571	-0.055287328	-1.439994
2000-02-01	-2.054286	0.1444104	-0.9148352
2000-03-01	-2.889429	0.1382488	-0.4535573
2000-04-01	-2.330286	0.234755	0.06752301
2000-05-01	0.043428577	0.3304055	0.024000406
2000-06-01	-1.809143	0.1556875	-0.4325781
2000-07-01	-0.9008572	0.1493818	-0.5421003
2000-08-01	-0.684	0.1007335	-0.5089162
2000-09-01	-1.320571	0.1979005	-0.228833
2000-10-01	-2.535429	0.4410345	-0.2607074
2000-11-01	-0.5077143	0.1906426	-0.5393755
2000-12-01	0.8031428	0.4106722	-0.3606667
2001-01-01	-4.066286	0.7715929	-0.3978027
2001-02-01	-4.180286	0.6395033	-0.2066262
2001-03-01	-3.282286	0.4497876	0.2654236
2001-04-01	-3.955714	0.6054148	0.3391952
2001-05-01	-0.146	0.6261966	0.1909998
2001-06-01	-3.050286	0.3880213	0.1580426
2001-07-01	-1.897429	0.3871235	-0.047057446
2001-08-01	-3.731143	0.3348536	-0.1365134
2001-09-01	0.106	0.2166788	-0.2515336
2001-10-01	0.9462857	-0.063709624	-0.2657327
2001-11-01	-0.087428562	0.2432808	-0.4225749
2001-12-01	-1.487714	0.2388518	-0.2814032
2002-01-01	-1.203143	0.1887009	-0.2691224
2002-02-01	-1.188	0.024223763	0.0012700295
2002-03-01	-3.944	0.289987	0.2338978
2002-04-01	-3.559429	0.3680411	0.3870291
2002-05-01	-1.669429	0.7937342	0.6084005
2002-06-01	-3.639429	0.6729371	0.8601374
2002-07-01	-0.4511429	0.5739805	0.5751395
2002-08-01	-3.372571	0.4932407	0.5912554
2002-09-01	-0.5405715	0.2303739	0.9112439
2002-10-01	-1.744	0.4106773	1.163076
2002-11-01	-1.332286	0.3669918	1.528391
2002-12-01	-0.6657143	0.4816978	1.498832
2003-01-01	-0.964	0.8158921	0.936814
2003-02-01	-4.543143	0.8833163	0.5378047
2003-03-01	-2.73	0.9910744	0.3881875
2003-04-01	-2.810857	0.9079816	0.02793373
2003-05-01	-0.578	0.9447349	-0.388851
2003-06-01	-2.782286	0.796119	-0.2685696
2003-07-01	-2.832	0.6258936	0.1682665
2003-08-01	-0.0060000257	0.7543373	0.2384973
2003-09-01	-1.416571	0.4336618	0.4114488
2003-10-01	-1.04	0.4429978	0.5927562
2003-11-01	-0.9371428	0.4006154	0.6641306
2003-12-01	-2.256857	0.5732865	0.6043244
2004-01-01	0.1628571	0.2443902	0.5275356
2004-02-01	-0.4368571	-0.071118735	0.3042323
2004-03-01	-1.018286	-0.1719354	0.2535216
2004-04-01	-1.777429	0.09144517	0.2443099
2004-05-01	-1.222571	0.4768438	0.1838513
2004-06-01	-1.869714	0.362604	0.1574903
2004-07-01	-0.9531428	0.37773	-0.079857349
2004-08-01	-0.4417143	0.4710604	0.1202794
2004-09-01	-3.226	0.2031708	0.4905109
2004-10-01	-0.414	0.2346902	0.5794514
2004-11-01	-0.508	0.051306419	0.7340098
2004-12-01	-0.5822857	-0.1041695	0.8187876
2005-01-01	-1.240857	0.2497256	0.4943213
2005-02-01	-0.214	-0.063577086	0.053615525
2005-03-01	-1.016857	0.3280903	0.1809523
2005-04-01	-3.249143	0.6065159	0.5465267
2005-05-01	-2.054286	0.6803064	0.7559189
2005-06-01	-2.488857	0.4401059	0.5690784
2005-07-01	-1.925429	0.4234115	0.3687911
2005-08-01	-2.585714	0.4353687	0.3021456
2005-09-01	-0.716	0.2864198	0.046583474
2005-10-01	-2.136286	0.4627068	-0.024171583
2005-11-01	0.1865714	0.4936291	-0.4440737
2005-12-01	-0.9022857	0.5248668	-0.5401507
2006-01-01	-3.632571	0.5994794	-0.4323294
2006-02-01	-1.546571	0.6199253	-0.1290998
2006-03-01	-1.344286	0.5742313	-0.2927298
2006-04-01	-0.1788572	0.5115296	-0.0068021235
2006-05-01	1.177143	0.5308684	0.341274
2006-06-01	-1.676571	0.2312784	0.197511
2006-07-01	-1.536286	0.1242462	0.1972864
2006-08-01	-1.968286	0.4306107	0.5411918
2006-09-01	-0.018571436	0.2590173	1.121741
2006-10-01	1.012571	0.3768686	1.181401
2006-11-01	-0.2317143	0.1001902	1.233485
2006-12-01	-1.26	0.2404396	1.394282
2007-01-01	-1.109429	0.3395029	1.045895
2007-02-01	-1.226	0.3405384	0.3120748
2007-03-01	-4.766286	0.5332321	-0.062918425
2007-04-01	-1.979143	0.7005323	0.024569945
2007-05-01	0.1642857	0.4146096	-0.2375952
2007-06-01	-3.515143	0.1229412	-0.2957931
2007-07-01	-1.420571	0.2956488	-0.603093
2007-08-01	-4.614	0.2774802	-0.8195089
2007-09-01	-3.557714	0.094938822	-0.8845417
2007-10-01	-2.209429	0.1006819	-1.170545
2007-11-01	-0.6922857	0.2119521	-1.417636
2007-12-01	-1.293429	0.3217687	-1.207214
2008-01-01	-0.8268571	0.3479988	-1.282761
2008-02-01	-1.224	0.1171466	-1.11314
2008-03-01	-1.474571	0.1654079	-0.4176643
2008-04-01	-1.757429	0.4041009	-0.1746837
2008-05-01	-0.3754286	0.5122795	0.2818643
2008-06-01	-2.167143	0.2538975	0.2817906
2008-07-01	-2.332	0.1509377	0.4888394
2008-08-01	-2.279143	0.2016444	0.6881637
2008-09-01	0.01685717	0.2685323	0.533961
2008-10-01	-3.566	0.1954232	0.1673144
2008-11-01	-0.5194286	-0.0050858678	-0.0012580288
2008-12-01	0.2028571	-0.074314497	-0.2908527
2009-01-01	-1.620571	0.1396345	-0.3543239
2009-02-01	-3.628857	0.1287791	-0.2998868
2009-03-01	-1.981429	0.1954739	-0.3667964
2009-04-01	-0.2305714	0.3006575	0.2179653
2009-05-01	-0.9902857	0.3548114	0.7533547
2009-06-01	1.165143	0.237747	0.9693234
2009-07-01	-2.076857	0.2482989	1.005397
2009-08-01	-1.8	0.5568605	1.013617
2009-09-01	-1.360286	0.6921529	1.015934
2009-10-01	-0.3231429	0.6931156	1.05715
2009-11-01	-2.396571	0.7536956	1.433257
2009-12-01	-1.104857	0.8789701	1.684014
2010-01-01	-4.004	1.255144	1.221128
2010-02-01	-4.000286	1.237705	0.9697841
2010-03-01	-0.6834286	1.045856	0.7609129
2010-04-01	-0.676	0.9658662	0.8623552
2010-05-01	1.202	1.030527	0.3493076
2010-06-01	-2.122286	0.6624485	-0.4141847
2010-07-01	-4.259429	0.5925478	-1.008234
2010-08-01	-2.316571	0.2833695	-1.030093
2010-09-01	-2.641143	-0.068866946	-0.9867638
2010-10-01	1.011143	0.056026939	-1.295712
2010-11-01	0.5817143	0.1462686	-1.211379
2010-12-01	-0.6117143	0.2189497	-1.329089
2011-01-01	-2.852286	0.1653992	-1.151925
2011-02-01	-2.751429	0.3502748	-0.7218041
2011-03-01	-0.4474286	0.1465972	-0.5998301
2011-04-01	-3.217714	0.3781193	-0.114945
2011-05-01	0.2448571	0.4793746	0.2417084
2011-06-01	0.8545714	0.2504481	0.2782895
2011-07-01	-1.398571	0.129498	0.093610913
2011-08-01	-1.828	0.1337881	-0.2577994
2011-09-01	-2.088572	-0.054903939	-0.3343024
2011-10-01	0.019714281	-0.1296503	-0.6178885
2011-11-01	0.1017143	-0.5064182	-0.7664376
2011-12-01	0.079714298	-0.4659965	-0.625603
2012-01-01	-2.012857	-0.3856496	-0.5568826
2012-02-01	-4.037714	-0.3742797	-0.027784875
2012-03-01	-2.817714	-0.034631636	0.0057381312
2012-04-01	-1.785429	0.1879687	0.3832551
2012-05-01	-0.3114286	0.2198246	0.4672968
2012-06-01	-1.240571	0.1338188	0.7656279
2012-07-01	-1.532571	0.3200164	0.889765
2012-08-01	-4.004857	0.2545612	0.8452708
2012-09-01	-1.133429	0.133255	0.7032477
2012-10-01	-1.891714	0.077988617	0.3476819
2012-11-01	1.386571	0.0061293156	0.4204815
2012-12-01	-2.966857	0.1745278	0.079153247
2013-01-01	-0.4874286	0.197372	-0.2655702
2013-02-01	-3.322857	0.099813707	-0.2219096
2013-03-01	-1.821429	0.2851932	0.2553197
2013-04-01	-0.2591429	0.3120957	0.1753867
2013-05-01	-0.2954285	0.3781446	-0.2413021
2013-06-01	-1.266857	0.3224677	-0.4583778
2013-07-01	-1.801429	0.3876153	-0.5815473
2013-08-01	-1.888571	0.5192268	-0.4276348
2013-09-01	-1.321714	0.4258592	0.1069792
2013-10-01	-0.5405714	0.2710705	0.046809364
2013-11-01	-1.681429	-0.026132742	0.085710667
2013-12-01	0.5082857	0.133294	0.2372078
2014-01-01	-4.788571	0.638621	-0.121297
2014-02-01	-4.312	0.7932524	-0.5078074
2014-03-01	-2.589143	0.738017	0.043666061
2014-04-01	-1.270286	0.6793616	0.4485784
2014-05-01	-0.3557143	0.5674226	0.933558
2014-06-01	-1.416857	0.4637396	0.9765801
2014-07-01	-0.5785714	0.4407865	0.6477646
2014-08-01	-1.486286	0.2427362	0.5589657
2014-09-01	-1.828	0.043928806	0.6674613
2014-10-01	-2.242571	0.2108123	0.8393839
2014-11-01	-0.3634286	0.2655554	1.082763
2014-12-01	-2.047429	0.3599031	1.00353
2015-01-01	-4.214571	0.9765128	0.5849
2015-02-01	-2.379429	0.9560787	0.3385666
2015-03-01	-2.160857	0.6828491	0.3559147
2015-04-01	-0.7431428	0.5473139	0.9157447
2015-05-01	-1.040857	0.5334324	1.480741
2015-06-01	-2.797143	0.5001283	1.737468
2015-07-01	-2.200857	0.3799906	2.111464
2015-08-01	-2.49	0.2846116	2.331947
2015-09-01	-1.452286	0.2486239	2.759657
2015-10-01	-2.506857	0.4759293	2.764123
2015-11-01	-1.444286	0.2676661	3.029869
2015-12-01	-3.052	0.6111733	3.00772
2016-01-01	0.2817143	0.5732111	2.734533
2016-02-01	-3.262	0.6053021	2.126019
2016-03-01	-2.724571	0.6097626	1.823165
2016-04-01	-3.265143	0.7580718	1.291323
2016-05-01	-0.6414286	0.878791	0.7243419
2016-06-01	-0.8791428	0.7849084	0.3341893
2016-07-01	-1.722571	0.6643046	-0.1776429
2016-08-01	-0.3742857	0.6203497	-0.2494152
2016-09-01	-0.7777143	0.3850082	0.1318051
2016-10-01	-1.157714	0.4206829	-0.1803428
2016-11-01	-0.5565714	0.2314797	-0.096776709
2016-12-01	-2.738286	0.356414	-0.030571898
2017-01-01	-3.214571	0.8799223	0.2226135
2017-02-01	-2.243143	0.6477208	0.7850384
2017-03-01	-2.029428	0.5228353	0.8130468
2017-04-01	-2.136286	0.4197934	0.8773674
2017-05-01	-0.87	0.2674619	0.9363472
2017-06-01	-2.798286	0.2584791	0.5454225
2017-07-01	-3.223143	0.133929	0.3130743
2017-08-01	-0.192	0.1930742	-0.0024458913
2017-09-01	-4.609143	-0.1077417	-0.2651896
2017-10-01	-2.608857	0.023377856	-0.2522365
2017-11-01	-0.4482857	-0.023973377	-0.6404295
2017-12-01	-0.6774285	-0.078182586	-0.7301427
2018-01-01	-2.788857	0.2402869	-0.8825709
2018-02-01	-1.168286	-0.042930573	-0.7739516
2018-03-01	-1.566571	0.06530989	-0.5051706
2018-04-01	-2.257714	0.2586734	-0.026756145
2018-05-01	-1.643714	0.1092172	0.2925926
2018-06-01	-2.309714	0.193598	0.4024626
2018-07-01	-1.754286	0.2768197	0.5114573
2018-08-01	-0.1862857	0.1984827	0.3207505
2018-09-01	0.1151429	0.3636917	0.6468676
2018-10-01	-0.6545715	0.2434896	1.017954
2018-11-01	-0.8211429	-0.020455927	1.166301
2018-12-01	-1.103429	0.3370001	1.148969
2019-01-01	-4.404572	0.996833	0.7470633
2019-02-01	-1.695714	0.9829746	0.6463741
2019-03-01	-2.216	1.015163	0.8615102
2019-04-01	-1.045143	1.080458	0.8843879
2019-05-01	-1.154571	0.8941849	0.931458
2019-06-01	-3.307429	0.6824131	0.6311542
2019-07-01	-1.712286	0.358551	0.1642282
2019-08-01	-2.319143	0.1242872	0.089650974
2019-09-01	-1.678857	0.2002209	0.040846199
2019-10-01	-1.506	0.2172901	0.423787
2019-11-01	-0.842	0.1230619	0.7222576
2019-12-01	-1.858857	0.041124277	0.6773262
2020-01-01	-0.146	0.5652402	0.5240797
2020-02-01	-1.594	0.1643055	0.5224897
2020-03-01	-0.4208571	0.3777071	0.5223494
2020-04-01	-0.7248572	0.3664607	0.7587057
2020-05-01	0.4522857	0.5695776	0.1466079
2020-06-01	-2.958	0.4076016	-0.3530616
2020-07-01	-2.905714	0.095439702	-0.4028448
2020-08-01	-2.525714	0.401259	-0.3901352
2020-09-01	-3.133143	0.3931999	-0.8238682
2020-10-01	-0.8534286	0.3568139	-0.9970903
2020-11-01	-0.5402857	0.2678309	-0.8768596
2020-12-01	-2.051429	0.3334688	-0.4768184
2021-01-01	-2.668571	0.390015	-0.4347257
2021-02-01	-0.3565714	0.017945783	-0.4629085
2021-03-01	-2.402857	0.1712444	-0.1960075
2021-04-01	-0.091714278	0.1923904	-0.2054485
2021-05-01	-0.2208572	0.4760578	0.0032307436
2021-06-01	-0.418	0.3334941	0.0294951
2021-07-01	-0.8257143	0.2736465	0.0037914948
2021-08-01	-1.946571	0.2111998	-0.1427265
2021-09-01	-1.25	0.2116316	0.01831723
2021-10-01	-0.372	0.041049648	-0.3347005
2021-11-01	1.362	0.5566498	-0.5121595
2021-12-01	1.022857	0.1097816	-0.8555276
