Date	Subsystem_N	Subsystem_NE	Subsystem_S	Subsystem_SE
1931-01-01	2138.466204	506.165589	511.44361425	4922.112735675
1931-02-01	2794.1876955	510.1067565	243.398853	7783.9386399
1931-03-01	4344.5008431	708.334974	249.4593729	7876.524757725
1931-04-01	4419.5899185	764.402067	159.3961173	6045.985330425
1931-05-01	2115.0629775	484.212771	1137.8838744	3992.203853325
1931-06-01	1251.4007799	256.9263525	1123.8513561	2837.98517625
1931-07-01	811.6240716	202.291029	841.95938745	2257.340669325
1931-08-01	568.07870625	175.495995	385.02606825	1804.2639309
1931-09-01	434.51182845	156.6544185	954.7044912	1699.38193455
1931-10-01	446.93246565	154.4815035	556.93974555	1837.968246
1931-11-01	842.6697786	226.835649	311.39819235	2178.30172005
1931-12-01	1090.63935585	246.112299	397.31613435	3227.619467475
1932-01-01	1784.9738412	445.5726525	370.9171791	5081.905422225
1932-02-01	2615.37901065	481.0514985	539.08534935	5675.69081655
1932-03-01	2789.3974725	346.7731995	598.48980435	5159.3853663
1932-04-01	2053.143729	221.5593405	1463.50068075	3943.297177425
1932-05-01	1279.86572115	158.0425335	1035.5181921	3112.760553975
1932-06-01	847.78368255	141.757443	876.4221627	2611.56086055
1932-07-01	554.0747841	127.99107	608.68484685	2014.695861975
1932-08-01	344.20204755	108.5903235	467.5673592	1456.352697825
1932-09-01	289.0273212	101.292174	796.1944131	1146.174280875
1932-10-01	362.65357845	106.155972	856.8443457	1567.9263159
1932-11-01	668.90421855	246.9976515	403.45071975	2285.21561265
1932-12-01	1171.81887165	387.080037	562.4065152	4233.08185515
1933-01-01	1815.5459214	624.9465405	203.87235195	5782.130567325
1933-02-01	2604.30558075	597.4824645	254.28388185	5111.17946775
1933-03-01	2669.4904311	389.337318	219.44121435	4529.6648874
1933-04-01	2764.29569355	330.2453115	130.69436265	4329.0645138
1933-05-01	1908.03955545	220.9717215	156.69625815	3079.45744335
1933-06-01	987.40941255	153.042867	158.2151895	2161.66111515
1933-07-01	594.12876885	141.616179	164.1424896	1553.108973075
1933-08-01	406.5580863	122.233581	218.75137515	1143.312507675
1933-09-01	287.6590224	101.70027	337.997664	1054.4745456
1933-10-01	282.10366845	134.927721	655.6302585	1441.3395474
1933-11-01	722.58100695	234.3437325	296.6551848	1567.45548495
1933-12-01	1371.5766153	480.362346	132.87679335	3054.8191869
1934-01-01	2230.9728363	722.667384	247.94573895	4093.611441975
1934-02-01	2267.57919465	495.8763705	572.77553805	3881.355513075
1934-03-01	2734.73257185	299.0652075	375.5138508	3930.051813525
1934-04-01	2576.2879755	206.6118435	490.13737335	3398.4502434
1934-05-01	1989.7765245	207.9391365	418.7958651	2429.113916475
1934-06-01	1033.73193825	138.1821885	310.55884875	1754.85336435
1934-07-01	607.9872087	117.59247	241.10434305	1422.50429835
1934-08-01	403.6874841	106.128504	298.6764372	952.241862375
1934-09-01	229.5794079	106.0397235	340.27942095	848.0988288
1934-10-01	311.27046615	112.3034085	440.4652722	968.43167325
1934-11-01	387.45306225	129.876552	187.60099545	1329.52168485
1934-12-01	1009.9454841	210.248901	397.94672115	3471.440542875
1935-01-01	2419.3126719	536.3740125	214.7812191	5461.9859997
1935-02-01	3414.32846415	641.3439555	172.5711435	6993.214797825
1935-03-01	3534.3158985	601.345152	291.5444691	6031.23817815
1935-04-01	4373.350974	516.53574	162.670401	5547.306586275
1935-05-01	3036.1788135	426.036528	105.4707435	3367.950732675
1935-06-01	1705.90136625	222.965604	331.4884347	2376.6970509
1935-07-01	907.19421975	175.3895565	571.54036095	1761.8113521
1935-08-01	668.38958595	137.809899	873.51864795	1545.482384775
1935-09-01	496.02003795	115.951257	1099.85791095	1262.082521025
1935-10-01	487.3318605	123.9429735	2542.9195548	2105.6866776
1935-11-01	731.5595604	160.5656655	693.347256	1927.241624925
1935-12-01	1451.36629935	299.0759985	645.70229325	2674.6277319
1936-01-01	1921.27569795	324.1170045	750.05253855	3184.44425955
1936-02-01	2587.303134	340.4084715	274.0899285	3126.002582475
1936-03-01	3545.20612665	457.331409	214.94077875	4938.4015785
1936-04-01	3193.75895265	326.9854485	148.20070005	3537.82733895
1936-05-01	2221.53890265	245.1013785	382.16331405	2496.189055725
1936-06-01	1088.24610825	150.3250065	1600.20940725	1921.608134325
1936-07-01	667.17118395	126.056538	552.2584626	1413.047384775
1936-08-01	469.324134	107.8535925	939.25673325	1102.23301005
1936-09-01	332.6579829	97.5874275	835.9428654	1183.8302847
1936-10-01	354.91074165	105.1548615	863.35725375	1066.303517175
1936-11-01	555.6008277	196.3505835	526.53021705	1415.087570475
1936-12-01	995.02658325	327.9674295	329.70110175	2839.7738826
1937-01-01	1507.73004675	536.1513255	364.2048828	5394.64500945
1937-02-01	2072.4181227	631.3505085	307.8863595	4273.918162875
1937-03-01	2293.4366379	468.9037755	551.10152025	4372.706236275
1937-04-01	2654.465337	337.520898	459.32249565	4010.7771018
1937-05-01	1905.85722285	263.345526	273.57534495	2784.40835175
1937-06-01	975.8579904	166.900473	215.8433478	2013.504486525
1937-07-01	623.31518655	140.437017	317.3581107	1470.379084875
1937-08-01	402.40713195	118.3198815	433.06848315	1102.690867275
1937-09-01	215.8899453	101.2239945	509.0524758	946.4147469
1937-10-01	295.9248303	108.352431	847.46544615	1614.94441965
1937-11-01	735.27661845	281.854053	875.6409924	2548.4882013
1937-12-01	1631.7709731	585.4161645	374.6796084	4215.5262225
1938-01-01	2371.31553015	674.678826	519.37853085	4581.2908953
1938-02-01	2389.27656105	473.986827	887.3624709	4258.6095843
1938-03-01	2637.46887435	433.724625	295.61664915	3996.751941
1938-04-01	2659.4012385	276.6768255	414.95696685	3097.188454275
1938-05-01	1751.717745	187.797735	882.6207093	2330.8371648
1938-06-01	963.67186125	157.7855115	1250.52597315	1677.868040475
1938-07-01	573.30400275	128.5997805	1461.8090934	1413.510907275
1938-08-01	393.39841275	113.987295	412.88274045	1108.741675275
1938-09-01	265.70144655	106.596441	389.5155657	972.4031046
1938-10-01	279.6056991	104.694282	354.06806265	1329.091982325
1938-11-01	467.2469646	165.508434	331.00122105	1746.490412925
1938-12-01	981.59708565	345.9471975	225.3986802	3211.9915734
1939-01-01	1841.2910892	568.6410645	270.8970678	4746.65203215
1939-02-01	2599.32627	634.8566025	325.1741301	5004.220081275
1939-03-01	2205.40572	535.229676	605.6314353	3394.48675815
1939-04-01	2258.0120412	234.9627435	388.079676	3188.26564695
1939-05-01	1496.71596735	175.2414255	688.53471525	2320.838150625
1939-06-01	846.8199972	140.981472	512.80887195	1573.106658075
1939-07-01	605.75244165	123.39018	467.76664935	1137.322815975
1939-08-01	432.31674285	115.812936	286.23789675	909.5385645
1939-09-01	298.8188784	110.609712	624.3597063	793.425221775
1939-10-01	461.46156615	146.71836	368.6649012	1041.217973775
1939-11-01	724.9956894	125.583696	954.3912579	1733.802306075
1939-12-01	1023.1148205	199.961154	1428.0796647	2916.31586805
1940-01-01	1941.9625845	375.227595	679.4117586	4765.3673049
1940-02-01	3543.6707145	563.4044865	456.25932315	6619.364870175
1940-03-01	4703.176908	732.955131	262.5991812	6341.108144175
1940-04-01	3977.1687285	493.4268135	511.32569805	3947.231134575
1940-05-01	2183.7771225	222.1754085	548.47322505	2967.59872215
1940-06-01	1309.01711715	161.869905	368.76059775	2284.670838825
1940-07-01	823.5797148	130.9777245	397.21185405	1833.68456235
1940-08-01	603.85332375	116.658558	496.6703919	1594.9542393
1940-09-01	462.48955605	99.866781	303.24814245	1439.707972725
1940-10-01	499.7778075	107.3160045	447.25668615	1294.756835175
1940-11-01	885.56199255	281.7535005	273.32793675	2555.69987565
1940-12-01	1557.6067845	449.2366875	424.2424752	3151.102644675
1941-01-01	2192.59851975	550.589193	462.1619511	4291.409025
1941-02-01	2352.13717635	507.136779	835.69011075	3789.056950875
1941-03-01	2693.44944315	560.227518	444.39540345	4325.2072218
1941-04-01	2999.968632	563.882724	496.7295462	4054.5648216
1941-05-01	1770.81894315	312.227775	1065.7359351	2693.63092815
1941-06-01	932.9564079	187.030593	756.6009588	1983.0813957
1941-07-01	590.7272004	160.5950955	531.08804115	1539.819513225
1941-08-01	437.23547685	144.0829035	1073.35845225	1278.714149775
1941-09-01	293.05829925	118.444959	626.01744915	1421.66760345
1941-10-01	412.09970625	137.7309285	612.32494545	1790.51869845
1941-11-01	927.891603	196.3966905	754.99285455	2263.330851525
1941-12-01	1469.5645851	298.1872125	603.5212062	3399.65427375
1942-01-01	2151.6034617	601.710084	306.66369015	4018.74434235
1942-02-01	3118.1963976	531.7485975	705.24016425	4792.390200675
1942-03-01	4245.87164265	582.992604	539.76351465	5820.290584425
1942-04-01	3078.7121286	380.71629	679.4536473	4364.145981225
1942-05-01	2052.851391	254.1354075	695.19678435	3157.772708925
1942-06-01	1178.51890545	172.4720625	633.6126945	3049.91374545
1942-07-01	742.6043451	145.2905145	596.4278895	2215.4742135
1942-08-01	517.7382498	128.502171	520.17726105	1452.8018457
1942-09-01	387.96514425	126.655929	414.40495815	1430.30324835
1942-10-01	688.1562945	163.4723685	496.8371619	1567.017591075
1942-11-01	989.4449385	324.1277955	205.36719975	2249.490265875
1942-12-01	2231.68293315	706.3322625	154.1097045	3282.981957225
1943-01-01	4502.37292785	754.4669895	152.1562392	6513.38810235
1943-02-01	5471.769807	1006.085151	250.7638086	6291.454731075
1943-03-01	4591.5199785	905.8176315	190.61639325	6250.833875475
1943-04-01	4106.87914815	573.2782515	120.239208	4209.641080875
1943-05-01	2644.8370182	323.173773	183.75890895	2925.3110004
1943-06-01	1327.0630536	234.0504135	655.54623585	2344.890210525
1943-07-01	910.30850235	197.724474	484.57775205	1745.244346725
1943-08-01	684.89677485	169.6026375	792.0700929	1302.52152375
1943-09-01	439.5165471	145.667709	698.82167745	1147.550623875
1943-10-01	586.6524207	161.9626095	562.78729035	1714.52053035
1943-11-01	1039.76508825	321.153894	353.37086595	2686.017705975
1943-12-01	2130.5796507	750.5439705	200.34909045	3434.3891784
1944-01-01	2407.04394255	706.03551	397.69185735	3386.399712975
1944-02-01	2663.27643375	576.959454	220.4396271	4753.484819775
1944-03-01	2892.52338075	533.200968	498.2493114	5231.25190575
1944-04-01	2802.573774	423.1053	213.20921565	3728.97675855
1944-05-01	1726.42266	283.8204675	106.87323015	2454.6256308
1944-06-01	971.35613235	196.4555505	184.2997833	1769.613809175
1944-07-01	627.8705091	166.110768	153.7064154	1377.54565695
1944-08-01	432.92172555	146.7345465	91.2357468	1058.290562025
1944-09-01	297.9747279	126.458748	174.3465573	880.032218175
1944-10-01	242.22356595	116.3412045	158.6357442	1033.09419015
1944-11-01	629.29291005	218.137122	316.7018217	2081.186570475
1944-12-01	1332.99059895	551.279817	251.33283765	2573.8814844
1945-01-01	3298.7692638	811.7838765	89.7963255	3795.18994215
1945-02-01	4188.6972459	827.9605665	197.2400562	6465.42485415
1945-03-01	3835.3988268	897.7636215	266.92759845	6029.8443243
1945-04-01	4117.0887585	913.005909	122.81889465	6090.0292629
1945-05-01	3155.4556605	945.1959525	93.23693775	3567.310288425
1945-06-01	1996.23606615	457.631595	148.80774285	2322.817759575
1945-07-01	980.7028551	297.099774	521.26175655	1814.738730075
1945-08-01	675.6222537	241.486884	268.68437325	1307.71464345
1945-09-01	509.5874151	196.471737	257.43475575	1164.9264147
1945-10-01	698.42800215	233.5216545	293.12010225	1468.42333875
1945-11-01	1318.4241714	435.4016445	199.2875013	2592.301451625
1945-12-01	2138.4559035	793.381788	223.4352087	5082.12077625
1946-01-01	2870.22701655	830.1305385	563.28838515	6835.38104565
1946-02-01	2765.6990631	1072.9564875	1457.91045225	5317.83280755
1946-03-01	2628.868104	520.3287765	1038.65655825	6124.536649125
1946-04-01	2573.2150911	609.623811	423.4944627	4575.912734475
1946-05-01	1697.79899295	405.220689	377.17267275	3033.673805475
1946-06-01	1115.60560965	274.853637	622.1107638	2423.57967855
1946-07-01	704.5171182	224.6632245	1078.0516053	2117.630475225
1946-08-01	460.6904511	194.6877885	440.30885175	1533.695277375
1946-09-01	321.6184956	167.3836155	393.1902936	1260.53236935
1946-10-01	260.1263745	170.845074	727.2062748	1509.771041775
1946-11-01	426.7081206	271.9327095	464.8708845	1894.5006273
1946-12-01	733.8028131	430.076286	592.1057016	2780.166287025
1947-01-01	1381.8722103	424.418859	460.5979428	4631.8663503
1947-02-01	2356.2991179	558.5897385	648.9306171	5465.580261075
1947-03-01	3291.819075	663.422832	476.99884035	7989.1245018
1947-04-01	4187.757546	800.3081385	248.76850365	5124.156381
1947-05-01	2305.967049	472.585959	283.02796665	3084.2106336
1947-06-01	1166.08679055	257.760693	573.5655864	2181.51949815
1947-07-01	699.81454755	210.8124855	439.7239305	1744.81587045
1947-08-01	541.60632315	177.009678	572.25654	1453.2380964
1947-09-01	459.3432438	173.8327095	1131.1527429	1533.343981275
1947-10-01	436.88918385	182.0946915	977.2978041	1652.86418985
1947-11-01	986.6026872	396.4235715	392.9383728	1988.374994325
1947-12-01	1419.8712453	620.4535605	520.5338055	3515.3856396
1948-01-01	2184.3323685	706.861512	362.76600105	4421.5490736
1948-02-01	2287.2471165	507.162285	564.75331245	4833.696579075
1948-03-01	2856.188367	610.667595	462.625866	5349.6203958
1948-04-01	2965.1652045	447.9015465	481.9708917	4041.175373325
1948-05-01	1677.16228455	248.108634	707.9369823	2663.228487375
1948-06-01	889.6803777	207.1896525	439.30470015	2225.89032435
1948-07-01	583.61087925	182.445399	469.0485711	1605.300723675
1948-08-01	394.5038526	154.129815	1082.9660229	1336.747215825
1948-09-01	297.74277045	136.7685675	375.99076395	1024.5734694
1948-10-01	306.0814176	151.587063	475.0028487	1085.4268614
1948-11-01	385.36618095	184.921443	559.03712355	1648.896461775
1948-12-01	1977.85094895	758.81331	173.63950155	3885.5374425
1949-01-01	2964.66048	932.006898	198.92399175	4368.639451725
1949-02-01	3389.8018455	1076.949648	110.56630275	6306.68934225
1949-03-01	3277.553373	1343.317635	239.07759705	5126.530474575
1949-04-01	2664.24644655	791.150994	441.0705492	3939.974236125
1949-05-01	1821.36084795	391.2281955	313.8568236	2873.998152225
1949-06-01	1000.03929705	290.3176305	548.8172127	2168.42942655
1949-07-01	583.9841988	239.867253	308.0443005	1642.1323932
1949-08-01	396.73685385	202.749156	321.75029295	1239.82149735
1949-09-01	271.1158308	173.955825	457.3429848	982.1160837
1949-10-01	239.42977605	184.2646635	376.8133815	1208.075675175
1949-11-01	510.03999945	360.9447255	193.63748085	1808.39114505
1949-12-01	802.15472385	410.868306	146.72851335	2951.684474175
1950-01-01	997.8487731	521.955765	405.78353775	3846.5258193
1950-02-01	1348.66217205	506.2553505	378.5018787	5649.15712095
1950-03-01	2040.2244495	401.038686	607.21756515	5189.637321675
1950-04-01	2365.808049	426.5059365	266.6839671	4082.715916425
1950-05-01	1885.731174	295.179957	329.73955695	2888.919603675
1950-06-01	953.3452176	193.1956875	296.0704107	2087.51968575
1950-07-01	535.4391195	168.22188	281.21390145	1559.5776135
1950-08-01	377.5558023	145.967895	457.90416585	1109.5622082
1950-09-01	285.026607	123.1159905	379.2996279	892.3545837
1950-10-01	315.73126935	143.111223	1251.1460142	1298.8767654
1950-11-01	471.6813789	281.2806585	479.87532855	2499.018308775
1950-12-01	842.0362488	485.609715	367.14891285	3686.873342175
1951-01-01	1390.8099051	469.3520925	424.94070195	4661.116116075
1951-02-01	1769.7886479	450.631179	808.71584805	5585.7720132
1951-03-01	1747.6162821	535.1771925	798.9226722	5593.8700701
1951-04-01	2186.4950811	530.767107	259.87391415	4466.591467875
1951-05-01	1587.3606126	286.7350185	143.1389853	2945.652624
1951-06-01	910.91770335	206.9963955	143.3206665	2230.439196825
1951-07-01	516.8424987	165.216096	180.14559165	1696.580713575
1951-08-01	328.7060244	141.491592	92.8499823	1309.9741317
1951-09-01	235.2847077	122.230638	97.26453135	1072.914623325
1951-10-01	215.8429554	115.70895	899.82955845	1202.51024145
1951-11-01	241.17242445	106.446348	724.16649915	1431.3141198
1951-12-01	546.27637365	201.2369445	456.28119945	2308.96679985
1952-01-01	1192.6696833	389.173491	247.4930565	3242.34307575
1952-02-01	1114.4967363	533.788587	226.3299435	4786.710210675
1952-03-01	2245.31284905	729.116478	148.70979	7178.731511625
1952-04-01	2443.128507	745.6271985	132.7782519	4140.3687714
1952-05-01	1860.747066	371.9976525	73.46498085	2773.927862775
1952-06-01	897.72531345	218.7242505	478.32966495	2220.847861725
1952-07-01	502.039503	177.1337745	497.01987315	1612.627714575
1952-08-01	327.3887376	146.3558805	212.3161623	1215.876587175
1952-09-01	247.33202535	138.4617735	656.6989599	1081.373295825
1952-10-01	226.51716735	128.1779505	1067.17501305	1193.920482825
1952-11-01	301.2661791	209.4341805	685.8574191	1878.533944875
1952-12-01	846.56017935	475.062984	298.4062698	2596.7108259
1953-01-01	1408.20406515	411.083145	345.70111365	2476.58330475
1953-02-01	1149.097293	224.554824	423.78155235	2772.385387425
1953-03-01	1508.80816575	319.6917135	270.51070095	3544.831752525
1953-04-01	1943.5439565	409.376205	246.3998301	3681.974767725
1953-05-01	1380.545604	217.338588	207.7739361	2385.729387675
1953-06-01	706.453416	146.539818	330.21102555	1772.675510175
1953-07-01	381.6880686	124.9749855	254.85246945	1311.958964475
1953-08-01	261.48834585	109.302039	205.15402845	977.446253925
1953-09-01	208.75783005	100.551519	816.78957615	899.299107225
1953-10-01	332.6545494	128.583594	1104.20560485	1298.9012904
1953-11-01	496.80385695	193.7450475	997.1264628	1724.65690905
1953-12-01	913.293342	444.730464	422.8495533	3009.197414025
1954-01-01	1690.94131245	498.114522	688.44367845	2865.73236885
1954-02-01	2009.12316885	315.809406	432.5617476	4335.479199225
1954-03-01	2223.939753	318.875031	525.38097555	3422.539017225
1954-04-01	2261.4880185	297.1542195	414.31863015	3107.0666583
1954-05-01	1654.30115865	164.9899755	1264.86652545	2817.864204075
1954-06-01	916.868106	137.363544	1307.99108925	1988.312455575
1954-07-01	540.56636505	110.1716955	1206.2521188	1310.67785205
1954-08-01	321.2900568	99.101601	435.29908095	901.293921675
1954-09-01	214.03090125	81.448506	1167.46038675	695.88829125
1954-10-01	178.26732	78.6786525	1530.1738062	761.819020425
1954-11-01	287.50946895	161.876772	448.59084615	1308.65964075
1954-12-01	1039.0605831	425.710836	286.8870735	2201.57270775
1955-01-01	1147.7187918	313.2200565	239.3049438	3291.31959885
1955-02-01	1954.7282394	446.317722	273.9194307	2999.111949225
1955-03-01	1806.68538225	262.1815695	294.71324625	3258.54478125
1955-04-01	1947.684267	300.11733	580.4132607	3339.7130646
1955-05-01	1485.6347385	168.053148	889.51650165	2147.460012
1955-06-01	878.63436675	119.9061585	1390.6252809	1711.31697675
1955-07-01	463.7982591	102.052449	1665.6140997	1251.08788995
1955-08-01	320.3869482	88.9497225	707.9605263	885.68697195
1955-09-01	243.7271937	76.26294	660.989952	747.463066425
1955-10-01	229.21707555	82.999467	385.7306715	913.581829575
1955-11-01	453.61395855	269.349246	227.57409675	1429.37247555
1955-12-01	859.0280517	455.9290695	245.31862095	3142.929762
1956-01-01	1617.99778215	596.3464665	478.6785576	3502.442055825
1956-02-01	1508.3556795	262.9712745	519.3409095	3013.8031845
1956-03-01	2434.2841053	510.8817465	222.65192925	4025.202535125
1956-04-01	2246.169213	292.921695	742.44635505	2808.22477545
1956-05-01	1738.7984655	196.569837	853.15534425	2684.1154734
1956-06-01	973.6681041	184.413285	479.21835285	2352.7212147
1956-07-01	606.26236545	148.7691405	409.8887775	1565.26049745
1956-08-01	435.3932079	121.4129745	665.87337	1490.3158743
1956-09-01	351.4250034	100.7442855	697.42169235	1109.70509085
1956-10-01	320.8204521	94.249575	419.8165956	1116.753796575
1956-11-01	997.09256925	200.990223	196.1481051	1965.612017475
1956-12-01	2319.8723316	531.459693	151.78193865	3918.000424725
1957-01-01	4019.162886	746.2089315	290.2856499	5099.23824525
1957-02-01	3867.293295	780.6798	561.8208582	5530.653130275
1957-03-01	5087.087334	888.7806045	305.51739165	5767.669155825
1957-04-01	6069.468582	949.8821895	291.92318415	5237.079119325
1957-05-01	3351.6674325	657.840942	270.36561105	3370.220374275
1957-06-01	1889.0269416	316.398006	447.745077	2461.31982765
1957-07-01	1013.3522028	234.040113	1380.6516501	2127.901815
1957-08-01	714.27723435	186.535188	2356.71118695	1697.210417475
1957-09-01	555.39319905	157.4774775	2352.0423627	1888.772985225
1957-10-01	552.9048435	171.01773	944.92141965	1565.3774817
1957-11-01	477.0598095	195.075774	730.8036018	2190.264303825
1957-12-01	1012.8174597	496.5208875	421.53780915	3563.908033275
1958-01-01	1737.9784476	447.1746255	299.971161	3783.23714385
1958-02-01	2749.9052574	583.235892	221.0312682	5147.475756525
1958-03-01	2907.1879083	419.6153925	557.04196575	4516.29979245
1958-04-01	3362.850342	365.5269765	254.34735255	3916.644241275
1958-05-01	2485.9104075	273.5601885	167.28850755	3133.46836035
1958-06-01	1302.5486484	191.1002715	460.34793495	2470.09428405
1958-07-01	640.3133169	168.8413815	270.1582767	1813.932397125
1958-08-01	457.21373805	162.9171225	616.930299	1286.924040675
1958-09-01	331.40038995	133.6999995	1028.56128345	1328.753537325
1958-10-01	364.5406791	193.6744155	771.37241535	1530.087282
1958-11-01	491.493753	226.6997805	702.80120205	1860.035718375
1958-12-01	671.020677	249.6149595	686.96325135	2552.976644175
1959-01-01	2339.9970561	465.431526	378.9522558	5510.125754325
1959-02-01	3455.01092655	418.017834	511.48148085	4628.05109415
1959-03-01	3400.232328	456.1488135	303.6445155	5095.7621208
1959-04-01	3141.4872015	318.072573	489.20179365	4020.3970821
1959-05-01	2006.584488	156.553866	487.61718435	2720.349419625
1959-06-01	1087.70292855	128.733687	499.13059275	1995.255924525
1959-07-01	680.3374302	116.937162	337.60393965	1450.421277525
1959-08-01	433.9225908	103.7824425	411.1038441	1158.42753495
1959-09-01	311.91174585	96.249834	676.58790105	908.99513955
1959-10-01	292.8819645	140.933403	453.4023078	1059.3645363
1959-11-01	452.3411601	223.196139	206.53586505	1885.265714025
1959-12-01	724.6541052	315.257103	160.8731109	2395.25614845
1960-01-01	1308.91734945	463.5808695	158.46558975	4278.4835652
1960-02-01	2772.3747681	661.605039	285.55610175	5234.834689425
1960-03-01	3659.00850315	905.635656	243.36554805	5683.2546699
1960-04-01	3461.742009	725.357286	272.0662236	3938.981660325
1960-05-01	2084.4165375	286.1876205	239.3625285	3004.763588325
1960-06-01	1203.67733715	204.984855	387.9150642	2219.4648234
1960-07-01	675.73403865	162.6699105	263.3469975	1674.64847205
1960-08-01	418.40832105	137.3453955	838.6714188	1263.317992425
1960-09-01	305.52264	115.7584905	895.96569375	967.019940675
1960-10-01	279.59103315	104.806116	776.24631765	1152.0340146
1960-11-01	465.97504905	153.2366145	793.7709507	2023.074533925
1960-12-01	1073.6807598	534.441933	346.7533833	3575.2209498
1961-01-01	1984.3017597	721.733472	325.5098283	5777.68548465
1961-02-01	3072.7612845	899.3126205	303.16632705	6528.040195725
1961-03-01	3224.3218605	694.2502665	1003.09422915	6273.3004677
1961-04-01	2469.08934765	387.4121055	621.3496059	4187.454637725
1961-05-01	1570.54288815	257.7042855	464.44370805	3504.2804253
1961-06-01	878.47515045	194.2895025	586.2856248	2407.65991245
1961-07-01	523.97402535	159.387975	408.4832988	1766.835813375
1961-08-01	368.77855005	133.889823	228.4152552	1310.59387845
1961-09-01	270.87769305	112.0964175	1290.8117682	1047.772476225
1961-10-01	222.3873045	101.193093	1383.7892805	999.177316875
1961-11-01	291.8366109	127.681074	1250.5688919	1642.504854375
1961-12-01	460.8670311	186.935436	553.1988492	2439.32001975
1962-01-01	931.4892243	467.46612	310.31428545	4257.62598465
1962-02-01	1743.50142855	627.644781	381.05184105	5493.91789305
1962-03-01	2219.69226825	506.43144	489.2544243	5407.702928775
1962-04-01	2246.3188155	351.7517745	243.50691015	3567.710536425
1962-05-01	1415.58628635	222.252417	268.31404575	2680.316820675
1962-06-01	666.3790755	163.0407285	258.8902164	2065.215007575
1962-07-01	421.199217	139.476618	271.32679485	1473.069035925
1962-08-01	323.7708096	112.8802365	195.5971755	1166.88620745
1962-09-01	264.34030905	95.157981	563.5059219	1069.996246425
1962-10-01	271.27852965	130.859514	791.4636387	1594.4032116
1962-11-01	404.2843245	230.151429	398.16146205	1906.4850138
1962-12-01	786.4448427	422.919891	200.49447465	4414.9268331
1963-01-01	1946.3876793	606.0907395	334.6944408	5190.09306975
1963-02-01	2390.3133309	697.483152	714.8238966	5032.11773475
1963-03-01	2515.8042243	382.5257445	651.92251995	3852.445541175
1963-04-01	1829.64617775	193.686678	427.61853765	2970.85063905
1963-05-01	1519.90278525	161.882658	191.3643567	2264.810739075
1963-06-01	817.55514855	124.1274015	151.4674791	1758.803287275
1963-07-01	549.68711445	109.251027	133.6408452	1349.042285025
1963-08-01	395.72907255	99.3581325	320.89574385	1026.992100375
1963-09-01	289.0541025	88.6338405	416.4587307	807.8517342
1963-10-01	237.6393039	79.261857	1326.4231473	878.4649971
1963-11-01	310.97312505	114.4910385	1290.5296326	1340.112192975
1963-12-01	412.9757883	182.950614	657.97499565	1299.953584575
1964-01-01	2035.3655565	619.3518975	231.6732543	3505.341695625
1964-02-01	3581.175816	926.0831295	329.57474895	5153.92526745
1964-03-01	3406.2581205	603.845721	245.99413755	3474.168851025
1964-04-01	2876.8830525	315.2615175	403.74570645	3057.8382144
1964-05-01	1945.1763405	198.857529	448.84845675	2469.2483187
1964-06-01	1064.64766275	136.931904	399.7984077	1794.4112574
1964-07-01	573.34147695	119.440674	468.95179545	1390.700940525
1964-08-01	390.86831565	108.566289	726.485436	990.868737375
1964-09-01	284.32622205	86.7983895	846.70301295	789.222813975
1964-10-01	403.26079815	118.964889	487.14807015	1456.13857005
1964-11-01	646.40468925	347.0449365	268.79915025	2154.235901625
1964-12-01	1227.1114161	505.173798	264.18060225	3378.78859995
1965-01-01	1444.9818042	603.40329	227.83847625	5360.960486025
1965-02-01	2081.5408341	562.5902565	315.14070735	6662.013992325
1965-03-01	2748.1075749	603.0771075	304.6582809	7061.54784885
1965-04-01	3535.914438	645.747174	233.85269295	4621.8556377
1965-05-01	2547.267543	320.801715	1001.22512985	3670.215667875
1965-06-01	1156.51527165	202.6230975	395.43016185	2495.782578375
1965-07-01	617.0157441	166.9235265	991.29878325	2029.770251325
1965-08-01	422.02742625	142.7958315	1196.16886125	1519.2000459
1965-09-01	334.7961705	117.5439105	1213.8284799	1187.71048305
1965-10-01	375.9933636	169.5320055	1235.9900547	2051.48677095
1965-11-01	588.7639251	334.4479155	758.4264036	2644.01714745
1965-12-01	1164.12940125	452.7153135	1008.19444815	4123.24369965
1966-01-01	1592.68219425	503.958339	670.72171725	5915.06276265
1966-02-01	2783.9658717	691.2111285	1315.0144116	6719.81826465
1966-03-01	3083.55606135	706.3440345	852.4040454	6070.22566875
1966-04-01	2879.4562155	490.1787225	335.3174739	4230.402425325
1966-05-01	1832.4475704	290.3843385	238.47153525	3135.7126431
1966-06-01	981.5555403	210.357792	512.3688444	2335.706333775
1966-07-01	579.64724685	169.2720405	602.0342064	1848.806505675
1966-08-01	402.4603512	146.8601145	551.22512625	1443.638496375
1966-09-01	314.84787885	123.549102	1040.96985435	1284.31269225
1966-10-01	337.313907	139.8734325	1041.4901277	1730.425753125
1966-11-01	485.46918675	215.487441	780.28617375	2686.940630775
1966-12-01	771.2799561	328.5942885	754.3446588	3644.2661823
1967-01-01	1347.39128655	555.8399955	523.8119151	5470.1895141
1967-02-01	1764.4728051	507.800916	615.60962775	6007.95914625
1967-03-01	2490.520617	459.8697465	755.3634273	5277.04425
1967-04-01	2900.8949895	432.827991	353.09294865	4036.418210025
1967-05-01	2069.4994515	281.9418525	184.04006355	2594.053566675
1967-06-01	1084.66673355	168.2311995	362.68310655	2159.85440745
1967-07-01	557.8620327	143.185779	401.5045629	1577.758756275
1967-08-01	376.7741415	123.3985185	580.72546395	1257.3048303
1967-09-01	290.63571975	107.161497	998.5969818	1128.460977
1967-10-01	282.6336537	100.7050455	466.91690715	1123.3315242
1967-11-01	461.79844155	191.2640985	365.1734241	2145.348335925
1967-12-01	802.7881065	559.2264075	497.77926525	3304.140067125
1968-01-01	1419.0778125	646.277895	302.69515275	4052.984553225
1968-02-01	1882.86954795	590.2054065	245.33775045	4182.686830575
1968-03-01	4072.33058445	799.6596975	165.4967601	4882.749325875
1968-04-01	3297.0306375	579.5007345	198.76928805	3099.189498075
1968-05-01	2134.7378154	265.574358	158.58772425	2013.75407745
1968-06-01	1054.4007744	186.976638	136.9102239	1465.256916
1968-07-01	598.06316745	162.29664	231.998652	1187.728901325
1968-08-01	398.895201	147.3947595	122.82546735	1101.819003525
1968-09-01	328.156272	139.4035335	227.0777598	1063.812856275
1968-10-01	318.1044555	162.6591195	230.6058282	1315.48131855
1968-11-01	488.17007595	277.099146	488.72286945	1638.5343795
1968-12-01	1883.0326392	542.302686	326.80999665	3155.3697249
1969-01-01	1715.6383308	396.5834745	567.72417285	2993.4982503
1969-02-01	2304.5941395	496.3099725	603.1506825	3595.820257575
1969-03-01	2808.14963085	499.3824645	468.9992268	3246.8524875
1969-04-01	2455.2405216	286.4770155	826.1417925	2467.43430255
1969-05-01	1528.2839097	203.9817825	476.7284277	1728.4947282
1969-06-01	792.27595575	152.9599725	981.0708282	1473.2637399
1969-07-01	480.5277426	133.322805	686.7635688	1090.61228025
1969-08-01	336.30715575	116.303436	300.1759938	856.048533975
1969-09-01	273.80691	98.8499745	420.87229875	720.177581475
1969-10-01	276.1451235	111.6520245	545.59055655	1461.067065
1969-11-01	410.4852255	291.738609	761.5381356	2847.41700075
1969-12-01	900.1321479	673.9828065	349.2942714	3221.406107775
1970-01-01	1875.2949036	768.271131	352.79305695	4737.489565725
1970-02-01	2738.0873466	714.444642	306.3461895	5122.3944069
1970-03-01	3652.8167745	531.457731	282.62791485	4984.84206945
1970-04-01	2746.0739619	295.6277835	215.16189615	3410.086252275
1970-05-01	1884.02516595	220.5067275	468.68143185	2492.6060268
1970-06-01	800.96506515	166.0936005	900.7877502	1934.75738475
1970-07-01	485.80537545	149.0163525	1117.5645195	1516.035315375
1970-08-01	358.4322864	128.734668	420.74888895	1094.6489481
1970-09-01	290.7286695	120.1249215	444.52126575	1347.0508305
1970-10-01	343.0944495	207.2818665	654.1705305	1452.773691
1970-11-01	683.04866895	437.7275955	262.40106825	1811.5424604
1970-12-01	665.5620006	356.5537695	712.66241025	1840.04909415
1971-01-01	707.6078568	204.1711155	1511.6377131	2342.5812063
1971-02-01	1070.50697955	174.4046325	734.616945	2401.537663125
1971-03-01	1484.24490675	207.073404	775.23392565	2847.536412975
1971-04-01	2162.61346995	182.866248	785.363094	2349.676411425
1971-05-01	1533.2004855	138.328848	976.21845885	1657.98657945
1971-06-01	790.37723025	106.8667065	1224.02935935	1406.885184225
1971-07-01	481.1847183	101.232333	1044.37863315	1167.06151215
1971-08-01	340.01190225	85.9900455	751.6095327	844.038396225
1971-09-01	274.3099668	88.2885285	430.9353477	830.017551825
1971-10-01	312.5235465	139.9950765	481.12767315	1324.822817475
1971-11-01	659.689146	411.6663495	187.53487605	2002.043463525
1971-12-01	1185.8593851	765.982458	164.10790935	3841.446912525
1972-01-01	1326.6782073	553.55868	316.0209096	3422.724720525
1972-02-01	1877.0252895	320.585895	777.96473535	4677.434315325
1972-03-01	2535.97373145	380.8727595	614.03414175	4620.589632675
1972-04-01	2457.56907225	339.9277815	472.92013665	3696.732833625
1972-05-01	1405.9697886	207.7792335	195.58545255	2377.80965205
1972-06-01	683.43626205	144.418896	802.24311195	1815.397913025
1972-07-01	426.74907735	129.2001525	711.3320271	1602.263376
1972-08-01	322.499826	117.605223	1390.37478255	1338.722263125
1972-09-01	271.6541055	101.856249	1872.9663039	1361.456496675
1972-10-01	283.622796	160.1977905	1290.6464697	2611.621020375
1972-11-01	388.84676895	258.380685	719.94505995	3160.748572425
1972-12-01	755.618193	499.6326195	685.937763	3866.639286825
1973-01-01	1654.4856357	524.3842305	685.76309595	4438.69347105
1973-02-01	1611.7753482	431.050419	658.3001481	4822.8074055
1973-03-01	2519.98156755	447.4345905	440.75030175	4696.75062225
1973-04-01	3177.46611225	501.651027	360.3759417	4739.036946075
1973-05-01	2151.395784	236.326824	787.17524625	3035.070504225
1973-06-01	983.8160586	164.1296385	933.66434655	2304.353966175
1973-07-01	588.26699955	141.066819	1168.0599249	1833.040511325
1973-08-01	433.11969135	114.254127	1252.59244965	1404.008499825
1973-09-01	316.3956516	95.3958735	1549.06526655	1260.164616975
1973-10-01	425.3491413	187.8747435	1013.19754815	1761.386162175
1973-11-01	772.33654215	402.7402305	631.9250802	2801.86112655
1973-12-01	1443.70302165	513.166005	360.86354775	3737.6517906
1974-01-01	1715.2427916	530.394327	583.28950365	4997.671857225
1974-02-01	2755.292517	382.6552365	622.3830894	4043.280893625
1974-03-01	3869.562348	442.4579775	650.6713035	5890.317552675
1974-04-01	4482.1816425	617.032323	316.37303955	4888.77587865
1974-05-01	3958.4326095	355.8268485	261.4548447	3264.3299835
1974-06-01	1921.15326915	203.164119	606.14778465	2529.6650676
1974-07-01	889.4431719	159.0755265	508.08918285	1866.40895655
1974-08-01	563.77986615	140.20452	364.79804445	1397.139488775
1974-09-01	453.3987762	120.4162785	540.0926892	1125.72609615
1974-10-01	458.6786163	138.5647785	263.95477605	1407.498358275
1974-11-01	630.8734482	228.076614	362.26353285	1584.624677175
1974-12-01	991.7346906	314.4855465	302.47393725	2828.9125449
1975-01-01	1516.2638148	522.006777	400.83390225	4062.6697455
1975-02-01	2709.5316138	469.993176	377.74194705	4372.2943389
1975-03-01	2717.9914635	290.9749005	367.06248675	3639.0173418
1975-04-01	3261.7715355	299.737683	238.82557815	3471.024598875
1975-05-01	2677.4634105	225.647658	193.46158755	2389.2153957
1975-06-01	1220.1066837	142.992522	342.5578425	1772.592959025
1975-07-01	710.57386125	134.477442	296.80140285	1573.514557875
1975-08-01	478.3488435	112.5094185	708.9535926	1081.281179925
1975-09-01	365.3885574	92.392542	1069.95555945	861.517756125
1975-10-01	347.49006525	136.4703435	1371.90117915	1456.154192475
1975-11-01	532.0725237	301.6344465	662.5302201	2208.4809588
1975-12-01	779.04599355	322.7494905	1273.78244205	3291.34245615
1976-01-01	1111.2713064	227.5179345	845.47117125	3415.996532025
1976-02-01	1770.44420115	245.3799825	525.16515555	4258.48406535
1976-03-01	2310.6260142	237.722787	551.4547293	4627.745144775
1976-04-01	2280.73146165	203.3039115	433.8911007	3721.257980775
1976-05-01	1506.35105505	121.3590195	488.4018372	2806.128157725
1976-06-01	837.71263845	114.7196115	1040.9693148	2458.064011275
1976-07-01	516.35499075	92.2743315	523.4719005	1880.96346495
1976-08-01	354.71189295	88.0530885	1077.48326295	1615.396047525
1976-09-01	292.26221775	110.5071975	691.6577778	1860.365628675
1976-10-01	423.2825667	176.760504	460.0482885	1898.608344075
1976-11-01	642.9666276	291.9598245	755.3469465	2821.760000325
1976-12-01	1272.1066488	552.46977	696.0829707	4571.36420535
1977-01-01	1820.7172629	624.5364825	671.82494985	5661.826171875
1977-02-01	3652.1536185	659.266335	800.10973125	5514.1477317
1977-03-01	3190.835916	257.462469	577.3820688	4053.80901015
1977-04-01	2915.6455017	255.5451045	541.3525875	4191.7349124
1977-05-01	2863.43109	218.2259025	223.70709285	2907.124756425
1977-06-01	1347.7716693	153.97776	342.8534178	2271.9288996
1977-07-01	715.3723737	130.4205165	487.9728459	1624.919154075
1977-08-01	451.07709255	109.3780665	900.3560121	1177.92540045
1977-09-01	347.44101525	103.630878	434.16994995	1293.31483875
1977-10-01	441.22530195	140.5493415	746.21623995	1358.397150075
1977-11-01	577.19239245	184.20237	669.08688075	2234.28846915
1977-12-01	994.4784495	347.841999	506.26668105	3858.920582625
1978-01-01	3085.689393	720.8608725	274.44990645	5803.89652935
1978-02-01	3194.398908	675.4199715	201.85198245	4391.22925755
1978-03-01	4887.7344	766.7795205	260.53795305	5247.392960925
1978-04-01	3856.117743	469.2559545	123.73946505	3700.7993484
1978-05-01	2911.40199	314.380089	99.7199253	2828.9319687
1978-06-01	1459.87274655	262.934487	131.55401295	2384.6101893
1978-07-01	776.447766	181.0293255	462.9786336	1892.11537485
1978-08-01	553.7681235	170.460522	429.41661255	1282.361900175
1978-09-01	413.95605255	137.599965	572.59935045	1189.660931775
1978-10-01	423.36796275	195.2126235	287.1146655	1285.1157879
1978-11-01	496.2097143	246.9387915	517.4163837	2252.26578465
1978-12-01	934.82163225	483.558444	367.8542028	3966.0725394
1979-01-01	2454.3701784	821.742498	219.49624845	5935.86025695
1979-02-01	5004.09081	1321.229439	150.5949777	7868.51668305
1979-03-01	4690.709379	1691.345043	201.98284785	5309.5968711
1979-04-01	3708.89892585	829.4104845	242.08671645	4339.644083775
1979-05-01	2265.2159166	417.8123145	1086.11253135	3449.233743975
1979-06-01	1052.77805325	315.238464	367.74271215	2510.469252
1979-07-01	645.1535709	257.884299	472.45092435	1855.524589875
1979-08-01	484.42481415	223.1171685	517.1636781	1536.567890625
1979-09-01	474.8300946	225.735948	609.71430825	1744.010592075
1979-10-01	491.21588475	231.5822175	1623.3565437	1547.897753925
1979-11-01	703.9100754	393.4678185	1308.7034424	2190.239533575
1979-12-01	839.1436722	406.6926795	922.00113945	3073.75665615
1980-01-01	2149.8386427	804.8383965	512.14610835	6173.72332695
1980-02-01	4769.262954	1232.95023	394.36558065	7678.154393325
1980-03-01	6341.4915435	1143.258381	661.78882935	5172.7830795
1980-04-01	4458.008331	538.3418985	322.04361195	4918.5305406
1980-05-01	2260.7444205	390.8230425	417.7652265	3280.2891858
1980-06-01	1104.8005323	270.977706	290.01303	2660.86837305
1980-07-01	708.13794015	250.642557	720.91536705	2099.474029125
1980-08-01	523.21826295	212.689629	1054.644651	1535.11113015
1980-09-01	441.6249123	190.481751	1212.5005983	1508.52740355
1980-10-01	453.20615685	203.168043	779.19569415	1485.703899
1980-11-01	621.2976129	272.8666215	665.72430705	2075.51391345
1980-12-01	1490.0427639	566.4661875	986.96011455	4030.500916125
1981-01-01	2881.9957302	701.574903	940.89529755	5660.666629875
1981-02-01	3170.90920635	544.69044	707.11917165	4063.3906824
1981-03-01	2714.32571175	579.4958295	273.56376915	4270.52270115
1981-04-01	3486.47748255	716.310504	273.0022938	4042.735899075
1981-05-01	1995.7129479	327.1110165	231.85370925	2902.916855025
1981-06-01	988.7070303	241.521219	240.89911785	2500.512371775
1981-07-01	628.43571225	194.535243	189.0091719	1667.365479
1981-08-01	466.2258417	175.8496455	172.68233985	1274.461858125
1981-09-01	389.0562615	157.37202	361.1900736	1006.8669099
1981-10-01	392.79705975	235.6092225	477.2787687	1875.9870972
1981-11-01	864.2292156	591.662682	497.24599365	3675.1539483
1981-12-01	1454.9842764	688.0523085	721.41420555	4917.5001963
1982-01-01	2841.08494005	904.843989	290.6817777	7176.311090325
1982-02-01	4243.8153195	856.877013	404.50696245	6149.911636575
1982-03-01	3950.8102395	830.000556	294.02124885	7660.448079075
1982-04-01	3708.218259	760.6826055	151.9063785	5857.7398425
1982-05-01	2439.461529	426.400479	156.70646055	4136.0503113
1982-06-01	1223.4243276	293.4156285	752.37456555	3436.486286625
1982-07-01	689.5068372	239.2212645	1569.7940418	2820.212914275
1982-08-01	491.91553395	202.1178825	682.99912845	1966.503942675
1982-09-01	421.61570055	182.481696	403.9293987	1556.0662221
1982-10-01	473.6739861	187.6432275	1238.85540855	2328.765268275
1982-11-01	513.41356035	176.4303975	2169.3092364	2804.138297325
1982-12-01	567.02462175	201.678885	1147.56982695	4469.7612996
1983-01-01	1222.4777607	630.87129	679.65264315	7624.7376435
1983-02-01	3671.0281566	854.897355	743.8514904	9540.085869675
1983-03-01	3120.86398185	1032.5618505	1146.1555683	7523.151733575
1983-04-01	3318.661197	750.963348	760.4665893	6121.784502675
1983-05-01	1632.4298127	475.666299	2149.5700449	4792.787799975
1983-06-01	799.77991905	286.743357	1878.0089382	5427.282021075
1983-07-01	507.46840605	232.3356255	4546.3663143	3515.159985075
1983-08-01	400.25903625	201.0044475	1750.860351	2420.173474875
1983-09-01	338.8910607	163.651401	1079.5524372	2931.456793725
1983-10-01	375.58943685	233.531955	1049.5221633	3202.35633855
1983-11-01	562.23655695	432.21879	744.39805455	3730.458191175
1983-12-01	1199.0406897	705.9643875	474.19484805	5599.223460675
1984-01-01	1645.74477855	678.8848635	432.96626295	5143.597373025
1984-02-01	1770.61077495	342.8766675	377.0773686	4195.851163875
1984-03-01	2101.03168545	317.095497	364.15038825	4107.878468325
1984-04-01	3079.25457255	430.616817	420.69964275	4513.858353225
1984-05-01	2218.1974695	217.777095	766.28877525	3638.438748
1984-06-01	913.88934855	156.571524	1225.20734415	2470.07074005
1984-07-01	524.28323655	137.491074	878.8031478	1815.09588765
1984-08-01	382.65047865	124.4815425	1748.3569371	1481.399271
1984-09-01	365.39988795	153.564759	807.74985735	1512.7390818
1984-10-01	349.96414725	163.3154085	744.723207	1383.092647875
1984-11-01	484.4686158	208.451709	857.1275604	1899.0200943
1984-12-01	641.4120369	468.611928	579.2276241	3481.9509033
1985-01-01	1831.1038947	818.053938	229.71218625	6316.472879775
1985-02-01	3883.9187925	899.245422	557.87169555	6037.75407825
1985-03-01	3734.8803675	791.3476845	379.397826	6093.37844595
1985-04-01	4322.990358	677.8155735	699.1221087	4626.658442025
1985-05-01	3154.432968	319.373379	449.0812971	3520.69289865
1985-06-01	1368.7044435	218.0002725	276.35285025	2579.02246395
1985-07-01	694.03851765	174.263859	317.4263883	1933.0525539
1985-08-01	465.6451878	156.73437	391.1073363	1555.654373775
1985-09-01	353.00495295	151.2844245	421.6344867	1400.139141525
1985-10-01	473.3135667	203.598702	244.12562685	1434.60954405
1985-11-01	789.14430945	261.0504765	266.2808742	2010.91839885
1985-12-01	1638.89062965	474.119262	89.8494957	2836.6938369
1986-01-01	3831.077718	803.108403	147.56638545	4769.6383827
1986-02-01	3479.6702745	814.4198235	326.7875808	4826.37515535
1986-03-01	3777.2252325	537.3000765	321.2913321	4711.519945125
1986-04-01	3302.380521	261.4595535	493.13933145	3763.125147825
1986-05-01	2197.452753	205.940349	462.30650145	3162.136295025
1986-06-01	1054.38620655	153.8242335	488.07148545	2344.651435125
1986-07-01	623.67060285	143.3030085	280.0726551	1840.814396775
1986-08-01	429.7806126	141.111945	388.3755456	1695.4752492
1986-09-01	371.2421844	130.8178215	522.0788805	1289.462672475
1986-10-01	523.2638304	126.2208555	534.0692511	1291.958777925
1986-11-01	637.36261605	141.8982165	718.6231134	1338.036936525
1986-12-01	769.1948406	232.760889	682.4013561	3403.9190241
1987-01-01	1199.5543413	363.844071	670.74732135	4531.642019325
1987-02-01	1365.98947695	283.3976565	637.5912381	4746.694632075
1987-03-01	2526.2794404	317.9023695	229.25719845	4012.952052375
1987-04-01	2659.7838285	333.1049265	565.09391565	3523.632538725
1987-05-01	1420.54926345	200.1627495	1872.9800379	3009.144292875
1987-06-01	673.02392805	134.8987815	1140.2618184	2394.68138055
1987-07-01	427.1628141	123.39999	863.9626779	1609.59306465
1987-08-01	333.8569611	100.123803	641.08923885	1211.829422625
1987-09-01	279.99579375	96.2817165	439.8984504	1214.158610925
1987-10-01	309.87832905	112.6173285	770.89094055	1345.4948664
1987-11-01	435.1122495	177.118569	385.84687095	2028.72452985
1987-12-01	1090.84821075	474.9310395	240.5611143	4047.04746765
1988-01-01	1818.53856	577.8300915	268.66789245	4023.068173425
1988-02-01	2109.59846415	420.6493665	349.787322	5197.2629535
1988-03-01	3247.5754845	485.307567	294.3929988	5430.4753968
1988-04-01	3343.5064935	350.4725505	312.17278995	4336.63474365
1988-05-01	2377.4621328	219.6983835	1253.05744365	3295.901923425
1988-06-01	1046.67466365	139.238235	959.72569065	2670.3691128
1988-07-01	591.3213921	120.9420945	379.39257765	1745.525550375
1988-08-01	413.19646425	116.129799	166.5201393	1261.148609025
1988-09-01	330.6378096	100.4391945	510.7039893	1033.944643575
1988-10-01	346.1560524	119.2959765	413.79801345	1423.149134175
1988-11-01	588.1078323	194.292936	276.72307965	1809.084981825
1988-12-01	1428.4650015	360.1716975	188.2285902	2589.239358225
1989-01-01	1955.4765462	394.493454	677.65719105	4404.6679275
1989-02-01	2155.86615195	299.4330825	988.6690656	4887.323091225
1989-03-01	2832.956325	352.8966015	515.49043545	4621.94750835
1989-04-01	3366.0518355	212.3026245	522.7207488	3378.8197467
1989-05-01	2572.2412524	146.3666715	799.1833239	2531.059976025
1989-06-01	1152.2175597	122.2066035	240.08223915	1950.972358275
1989-07-01	676.9622997	118.1727315	544.29406695	1608.253337475
1989-08-01	470.57593905	104.278338	747.5361264	1510.72523595
1989-09-01	388.7138925	103.0741605	1901.2995459	1456.5393576
1989-10-01	397.3640562	121.5208845	779.12751465	1252.51769745
1989-11-01	785.7210609	221.1983325	339.07337955	1898.797113
1989-12-01	2542.3686252	834.501384	203.6317617	4850.7583518
1990-01-01	4404.8935575	1006.2877275	1172.4875703	5710.683552525
1990-02-01	2946.4385031	429.24636	709.05056445	3681.068176575
1990-03-01	3603.1713075	349.972731	429.74730765	3956.070631275
1990-04-01	2874.36732705	229.5211365	793.75922775	3076.483615425
1990-05-01	1676.53228635	157.506417	846.28010385	2608.744434075
1990-06-01	870.3778293	123.946407	1913.1682725	2004.58957545
1990-07-01	578.32113105	133.8765795	992.69366715	1790.2930194
1990-08-01	404.6925186	115.036965	1043.0736579	1390.77238185
1990-09-01	382.3167915	118.334106	1371.26578545	1445.716744875
1990-10-01	397.17751905	122.322852	1517.17070025	1558.0603008
1990-11-01	475.7155452	171.4488795	1117.8988443	1852.536561975
1990-12-01	682.43230665	202.805073	487.2161025	2189.033786475
1991-01-01	1580.64905205	466.619517	226.8803826	4325.203959975
1991-02-01	2288.1466935	577.9330965	239.4073602	5525.1501372
1991-03-01	2730.1647906	534.533166	181.6656021	6092.693389125
1991-04-01	3563.4074535	553.673457	206.47651455	5912.1196155
1991-05-01	2742.7842765	266.136471	160.6056903	3507.889254525
1991-06-01	1277.62089885	171.463104	652.4141481	2538.374312025
1991-07-01	627.7897728	140.04756	499.6104489	1922.56698825
1991-08-01	460.26033165	127.7718165	476.32391235	1461.806763525
1991-09-01	360.13319325	118.5553215	181.5339519	1252.75313745
1991-10-01	359.17416765	147.6870975	548.826336	1794.897514575
1991-11-01	484.0599312	264.466809	492.49089045	1805.890061025
1991-12-01	853.92415395	359.743491	588.23855055	2817.05730705
1992-01-01	1393.58863665	681.1754985	366.02861085	5215.76966565
1992-02-01	4216.3502625	1239.9609465	437.5741671	7261.5485862
1992-03-01	3090.6684585	1349.4631095	517.235193	5214.5137404
1992-04-01	2990.4321348	432.9108855	484.7289732	4613.418351
1992-05-01	1809.53145945	297.330309	1628.97360255	3939.3767826
1992-06-01	820.5644151	201.984957	2052.62581005	2747.686358025
1992-07-01	485.5261338	165.949884	1291.2880437	2251.4289426
1992-08-01	369.04940415	149.185575	1106.387496	1612.6496154
1992-09-01	351.09347445	153.302832	775.5278823	2011.32423855
1992-10-01	376.77036465	214.4156985	502.96414455	2532.7532556
1992-11-01	645.18981885	532.833093	540.5632749	3699.300969
1992-12-01	1606.8265956	655.080408	332.54551125	4558.4300637
1993-01-01	2047.17576645	669.4172325	356.8408101	4369.70670615
1993-02-01	2288.01077595	512.3316645	618.18877485	6284.176250625
1993-03-01	2681.766567	432.642582	593.9563581	5241.558806775
1993-04-01	2333.5581645	290.668338	392.4105948	4693.731815475
1993-05-01	1508.60048805	205.2953415	874.21574655	3218.21145675
1993-06-01	696.475665	160.8413265	749.0754135	2601.080567775
1993-07-01	449.2619973	138.926277	1130.32237545	1737.256750425
1993-08-01	343.25371485	125.6842485	404.9742618	1479.6139491
1993-09-01	316.8309213	113.4364635	772.72158465	1567.55947095
1993-10-01	359.6475492	139.420701	1588.14232245	1725.6621888
1993-11-01	455.8089951	140.1745995	414.7564995	1673.9119863
1993-12-01	790.0719921	252.8483355	714.3635133	3002.1228099
1994-01-01	2131.4951199	590.3917965	289.4663187	5422.364120925
1994-02-01	2860.2992475	502.167033	841.8545676	4284.862100775
1994-03-01	3931.2363465	609.378561	473.54189445	5577.582257325
1994-04-01	3587.679846	518.4315225	429.32900925	4087.562546925
1994-05-01	2060.8084782	243.2963385	741.6933885	3021.271905375
1994-06-01	1031.31887445	171.3978675	1027.8308799	2187.021608325
1994-07-01	649.2888783	154.338768	1248.0061275	1674.54242595
1994-08-01	435.26690415	123.055659	476.57406735	1290.591999675
1994-09-01	347.7862782	116.4579435	283.3398756	968.423163075001
1994-10-01	344.94319305	92.9188485000001	614.17148175	1100.594126925
1994-11-01	394.6423698	130.903659	796.16915235	1922.7618639
1994-12-01	978.8459202	364.6558485	464.9310198	3235.18040235
1995-01-01	1923.7001904	327.792321	1720.59056595	4073.79099915
1995-02-01	2880.2753505	360.5542875	938.79066015	6748.381919025
1995-03-01	2979.172413	335.510829	510.6505248	4680.8682813
1995-04-01	3465.321678	315.334602	272.78583615	4316.948943075
1995-05-01	3086.9975565	203.144499	163.04921415	3144.547995075
1995-06-01	1647.2753838	143.702766	318.37516245	2099.41931385
1995-07-01	736.48079595	123.691347	839.2230351	1687.105087425
1995-08-01	480.3461595	101.686536	351.6494562	1255.07800935
1995-09-01	340.7311224	80.423361	473.3067978	1037.1501837
1995-10-01	336.58124715	102.4639785	967.4165835	1483.54388415
1995-11-01	563.20176285	210.79728	381.0784752	1655.5433499
1995-12-01	1264.5166518	420.286887	271.7145351	2733.3395028
1996-01-01	2054.250297	511.3653795	826.58780415	4235.982402375
1996-02-01	1915.35349905	250.345314	1138.3763364	3613.4877978
1996-03-01	2427.00640965	248.5388025	940.9551876	4465.189177425
1996-04-01	2665.9445085	198.837909	806.5106091	3361.457003175
1996-05-01	1981.566045	141.3792675	211.9358286	2357.88936795
1996-06-01	927.23340105	111.4695585	528.3435465	1730.2411044
1996-07-01	575.9161605	94.0195305	1017.1847736	1338.2037801
1996-08-01	407.92859235	76.678884	637.51575015	1048.213877175
1996-09-01	299.851479	77.357736	829.2555846	1357.7220504
1996-10-01	360.1836657	89.4500325	1202.35691115	1341.68579055
1996-11-01	591.07579875	230.189688	777.1111182	2721.840343425
1996-12-01	816.3023625	389.605131	595.35011385	3458.510227125
1997-01-01	1908.29216295	693.7362225	724.22084655	7161.77240055
1997-02-01	2660.1516054	508.1359275	1465.2160083	5336.99644635
1997-03-01	3735.18501705	563.351022	614.7520866	5379.58401075
1997-04-01	4746.704859	484.99659	196.0884603	4706.91662715
1997-05-01	3386.20280175	283.1769315	209.4892146	3371.1993387
1997-06-01	1382.84521515	195.3882225	652.0287132	3066.2825643
1997-07-01	769.32516645	146.939085	728.3386431	2056.062719025
1997-08-01	501.07709295	132.494841	1133.61716205	1464.35679945
1997-09-01	398.4046029	116.215146	519.5114073	1275.8937012
1997-10-01	388.11690495	119.029635	2348.03973555	1500.414312825
1997-11-01	451.4733675	148.532229	2243.1881502	2094.541266825
1997-12-01	800.4084948	404.6963445	933.12361935	3619.505570625
1998-01-01	1305.56890215	385.167087	1046.15630325	3530.7315207
1998-02-01	1724.6918817	381.232296	1448.34413265	4299.07441185
1998-03-01	2345.03198955	339.611409	1233.24467715	4437.026874675
1998-04-01	1630.60932195	173.074887	2125.4486283	3563.31676005
1998-05-01	977.75362575	128.3417775	1442.5900281	2602.784221425
1998-06-01	532.775214	105.934266	537.06831525	1849.598761275
1998-07-01	394.86098565	93.3190965	916.70903685	1341.814963725
1998-08-01	248.97696615	84.445461	1628.50713705	1226.51315325
1998-09-01	238.764609	71.1337815	1761.4056105	1160.037184275
1998-10-01	249.38496405	80.681364	1867.3144686	1683.168187275
1998-11-01	470.85738795	265.776444	503.30514015	2081.898776475
1998-12-01	984.63749895	399.326841	393.05035395	3221.9468595
1999-01-01	1568.8558134	354.08214	372.8578914	4537.370863125
1999-02-01	1552.71056445	210.9046995	577.1221038	4262.492210625
1999-03-01	2498.3935344	491.2068105	414.36983835	5152.267696275
1999-04-01	2029.70160585	256.42359	567.4020615	3260.114749125
1999-05-01	1673.74340145	142.5044745	304.34647005	2298.734454825
1999-06-01	752.732091	103.3458975	681.87696255	1802.287142325
1999-07-01	459.49122765	90.115641	1345.35551535	1480.352617575
1999-08-01	320.1190371	77.4788895	306.47141415	986.317731225
1999-09-01	270.97589115	83.4502365	363.33243045	991.574664975
1999-10-01	297.7625376	71.016552	887.92041465	890.269345575
1999-11-01	554.8851882	220.5008415	353.6470665	1422.80595585
1999-12-01	1393.33838355	397.7165295	258.7986891	2507.65785315
2000-01-01	2803.1605101	517.6702665	342.59497335	4546.64045475
2000-02-01	3191.802201	582.028281	476.82196605	5503.77223425
2000-03-01	4026.7926135	524.9581155	547.17604875	5318.042324625
2000-04-01	3507.466419	383.4429795	269.36155755	3483.3340152
2000-05-01	2414.4562314	199.5682635	293.55605865	2259.94750515
2000-06-01	943.1326152	137.307627	344.54843865	1775.838695625
2000-07-01	616.1677677	110.088801	693.59235885	1429.01480295
2000-08-01	433.2165651	107.8153335	405.87820425	1216.281887325
2000-09-01	360.41552505	105.3500805	1708.79512005	1691.816045625
2000-10-01	368.66465595	85.619718	1556.6867046	1036.078024275
2000-11-01	631.5217911	243.468504	521.0138088	2098.379821725
2000-12-01	1568.0272608	480.8405835	397.65614895	3401.0678457
2001-01-01	1872.47859975	366.1911135	864.80030475	3326.372273925
2001-02-01	2010.62576655	197.3060775	1404.43996815	3450.13427745
2001-03-01	2595.88693305	207.404982	753.1848225	3838.56681915
2001-04-01	2719.40513355	139.137192	541.27209645	3031.8579009
2001-05-01	1442.9072835	103.021677	703.15593165	2256.388167375
2001-06-01	834.68939265	96.5093085	698.99953275	1744.783816275
2001-07-01	511.13204865	77.774661	875.77298595	1272.441782925
2001-08-01	351.39218895	73.345446	559.65711555	987.2011953
2001-09-01	269.5117977	76.9167765	611.1230733	957.51981405
2001-10-01	333.78814395	89.5844295	1684.2017934	1353.997414125
2001-11-01	552.5695377	164.7888705	501.720678	1939.280015475
2001-12-01	1274.5344276	266.6912265	557.0133696	3184.1587395
2002-01-01	3595.0116438	644.3919225	502.14030075	4849.4746152
2002-02-01	3473.4059028	592.213023	413.05814325	5741.4351312
2002-03-01	2883.08449305	394.8245415	325.17074565	4532.21828325
2002-04-01	2803.96468485	255.4362135	262.2337587	3102.174533925
2002-05-01	1466.37726705	127.994013	601.92408915	2441.807075475
2002-06-01	753.16937175	104.5927485	658.13077845	1816.4614887
2002-07-01	420.23955375	99.359604	437.6880612	1352.747129625
2002-08-01	284.62993965	77.2826895	723.62469285	1067.443193925
2002-09-01	241.0390575	66.537306	938.6083413	1085.2673508
2002-10-01	267.47489835	79.6498425	1169.8024752	859.273080975
2002-11-01	397.3686669	122.8707405	1111.84112025	1568.132399475
2002-12-01	574.9546824	238.5482985	1073.00970675	2634.098771475
2003-01-01	1289.0951163	507.3570135	514.0368387	4842.97063425
2003-02-01	2054.0437965	476.757171	582.0090534	4847.725958175
2003-03-01	2802.97338435	310.2672465	540.26745435	4371.48506295
2003-04-01	3176.8660836	289.6054245	259.32994965	3896.11855755
2003-05-01	1817.86309245	155.254041	258.7003929	2463.943978125
2003-06-01	804.04913295	114.5008485	498.47705055	1872.98832735
2003-07-01	463.82528565	100.207188	481.53331665	1397.07972135
2003-08-01	332.8641891	86.1744735	212.92590285	1035.554758875
2003-09-01	246.40998345	79.1544375	181.17328725	953.79221025
2003-10-01	242.4934881	62.554446	359.3370627	1047.24472275
2003-11-01	459.8717085	99.6955965000001	483.5575611	1522.300104
2003-12-01	701.7673752	182.729889	1091.3418009	2481.210559125
2004-01-01	1606.21351965	414.278262	607.88346795	4298.8168503
2004-02-01	4341.59173665	613.073988	297.70784685	6379.801727175
2004-03-01	4681.418328	766.3572	224.89861545	5381.650953225
2004-04-01	4254.527349	622.5578055	253.70518995	4391.901119925
2004-05-01	2395.850193	307.3880115	579.8124963	3116.0939184
2004-06-01	971.0783622	170.7150915	583.4936007	2411.744919075
2004-07-01	572.7248694	148.8054375	810.05216625	1854.4394322
2004-08-01	400.8474891	115.1424225	300.73099455	1332.5876532
2004-09-01	308.5590312	101.4643395	498.8123073	1021.539309975
2004-10-01	314.86072995	102.223143	898.6173858	1328.9644278
2004-11-01	458.2402074	125.880939	863.53501095	1691.60201595
2004-12-01	751.72396635	246.857859	390.0346128	3189.046400325
2005-01-01	1291.9530636	463.51269	363.23658675	5300.795805075
2005-02-01	2528.47074915	584.5626945	194.2747875	4743.6371739
2005-03-01	3664.799199	578.179818	167.7927906	5138.6225013
2005-04-01	3159.824544	446.9548815	358.6105341	3422.91142935
2005-05-01	2236.05358245	245.7920025	837.57932055	2611.345482
2005-06-01	907.4326518	167.0441895	1051.59231855	2089.16129115
2005-07-01	506.47730175	135.13275	609.6556935	1515.033518175
2005-08-01	312.52594995	112.7124855	507.9829896	1122.56158635
2005-09-01	241.64114625	109.640484	1738.63910205	1150.160623425
2005-10-01	251.4877866	103.2546645	1958.58087165	1192.279024575
2005-11-01	349.2812241	201.4419735	861.4165905	2023.58938725
2005-12-01	1183.1219046	548.456499	285.5503629	4464.369551925
2006-01-01	2066.3757513	464.849793	292.2093909	4161.267087975
2006-02-01	2110.09455585	263.913525	257.00547015	4639.547506725
2006-03-01	2673.2068515	437.279769	243.81072585	5413.570535025
2006-04-01	4057.6538925	511.296219	197.843175	4703.6109024
2006-05-01	3333.9613635	262.8084285	98.6376861	2804.295061125
2006-06-01	1338.7781556	149.9620365	140.70036645	1991.71954215
2006-07-01	629.43750945	121.907889	190.66858245	1579.109102775
2006-08-01	385.0608447	114.182514	291.62348865	1238.352817725
2006-09-01	297.4174218	113.199552	348.4941678	1181.108868075
2006-10-01	366.2746947	164.106585	347.3242272	1826.337240225
2006-11-01	723.7930815	388.424988	429.23650095	2342.971766925
2006-12-01	910.19519685	558.8850195	462.7734084	4606.329129975
2007-01-01	1222.5314214	644.4125235	458.575317	7634.95461135
2007-02-01	2953.8355374	828.103302	469.71364005	7428.13567875
2007-03-01	3358.417203	730.1892015	597.75238665	4733.154624825
2007-04-01	2693.66624415	287.0214705	555.0941412	3785.397085125
2007-05-01	1471.66034445	172.9743345	1292.694111	3010.778491725
2007-06-01	694.2320199	145.9418985	530.73939375	2259.5280786
2007-07-01	422.63427285	115.200792	690.79974615	1779.1754445
2007-08-01	294.6184326	111.2713965	390.92413455	1305.741337425
2007-09-01	225.38656485	83.6640945	500.6333376	895.769763525
2007-10-01	221.94551115	68.256018	585.71571285	964.3519395
2007-11-01	269.98684695	74.5231365	903.2865534	1861.751928825
2007-12-01	570.59555985	188.26371	526.0111209	2769.661224
2008-01-01	948.17372895	221.644197	499.5107793	3661.90304175
2008-02-01	2046.43785825	437.003127	323.6294475	5842.7627193
2008-03-01	2979.8527365	501.5004435	282.8012085	5953.461138225
2008-04-01	3448.507338	480.3177105	381.38587155	5145.3407817
2008-05-01	2474.96602815	215.5438485	649.1786139	3549.8484639
2008-06-01	981.8942796	126.5269275	629.8410438	2562.63780195
2008-07-01	505.10115495	104.6506275	426.1275648	1717.605505575
2008-08-01	330.6611574	93.6781425	620.1868266	1489.8001626
2008-09-01	246.27185865	75.5629965	492.82227225	1139.195495925
2008-10-01	240.3434304	81.8669025	1371.2060916	1335.542940225
2008-11-01	347.9267574	137.485188	1236.6643941	1821.768993
2008-12-01	1100.05636725	351.410877	311.6013084	3132.1999764
2009-01-01	1554.70699755	629.442954	335.1688524	4634.901343575
2009-02-01	2228.0267952	544.8900735	314.09260695	5406.25926465
2009-03-01	2728.575963	385.210251	278.53577145	4537.99137015
2009-04-01	3220.51631625	478.309113	114.7388391	4810.29793875
2009-05-01	3819.527424	285.724098	160.35322995	3257.8967817
2009-06-01	1786.3447887	169.9734555	231.54077025	2494.2082941
2009-07-01	757.45025955	138.113028	761.04886185	2220.94510335
2009-08-01	425.74914405	108.9366165	1151.8809786	1730.8016478
2009-09-01	339.539796	113.016105	1867.8631419	1954.38042585
2009-10-01	409.93601265	192.910707	1703.0506293	2255.521110525
2009-11-01	785.1840615	328.1185035	950.67076635	2540.143545525
2009-12-01	1243.13237235	318.4144515	827.5937706	4733.640121725
2010-01-01	2312.4496932	387.1001475	1110.6111915	5409.72798255
2010-02-01	2398.01599575	215.247096	1019.13524685	4565.900648475
2010-03-01	2446.50143025	318.0004695	666.76750245	4783.90226985
2010-04-01	3098.6324127	311.161428	1324.30276485	3960.1703529
2010-05-01	1435.8487923	148.02309	1593.0602226	2583.1213272
2010-06-01	693.4074894	116.1685485	705.98788245	1789.36886835
2010-07-01	430.54799985	93.321549	764.4408165	1362.766720275
2010-08-01	314.0591058	79.183377	609.735645	1006.143446925
2010-09-01	234.4892148	76.059873	433.9634985	848.2757031
2010-10-01	262.8970128	99.409635	449.9893107	1222.250438475
2010-11-01	476.66686995	227.088747	372.19547115	2064.7464084
2010-12-01	934.4330091	364.091283	1123.71749865	3228.309650025
2011-01-01	1917.8630442	512.16048	828.98880165	5965.371213975
2011-02-01	2791.27888335	328.486869	1401.833304	4080.418267275
2011-03-01	3879.761805	497.410164	841.87963215	7171.8299559
2011-04-01	3775.7468655	549.8608005	733.6029834	5010.055167375
2011-05-01	2738.7558	214.0772535	382.96498725	3166.76860155
2011-06-01	1024.6659777	138.793842	497.883006	2259.7671483
2011-07-01	590.50407195	118.5249105	1454.4532611	1635.0863607
2011-08-01	374.5561005	93.2651415	2055.7268982	1370.57015835
2011-09-01	259.69713795	82.7282205	1639.28489355	962.588518425001
2011-10-01	354.256758	113.26626	770.3688033	1555.14933045
2011-11-01	738.5015088	178.6611915	482.08650255	1704.5294868
2011-12-01	1387.62239085	493.919766	261.823014	3511.4597757
2012-01-01	2720.31412815	677.388348	470.64872925	5915.8587951
2012-02-01	3298.090608	557.3840895	373.6053153	4412.32919415
2012-03-01	3157.8865785	247.945788	277.0184097	3752.44649685
2012-04-01	2241.42985485	234.4065165	289.7170623	3175.242405975
2012-05-01	1226.33647515	145.9546515	437.76443205	2723.852448
2012-06-01	714.48805125	136.906398	1112.61875895	2793.475808325
2012-07-01	457.12593855	103.615182	672.60317715	1914.912956475
2012-08-01	278.72373105	86.5109565	539.07073245	1182.320108775
2012-09-01	232.97567895	75.5679015	309.15690165	946.782401175
2012-10-01	238.74886395	65.1477195	467.08132275	1004.615392275
2012-11-01	453.36929715	200.927439	326.4541389	1677.245350725
2012-12-01	980.222067	250.317846	312.94621035	2255.64925365
2013-01-01	1350.09315675	223.062723	594.45887535	4029.29666505
2013-02-01	2537.556624	383.369895	476.83766205	4544.1670104
2013-03-01	2541.1024485	202.251789	851.19766065	4315.9509963
2013-04-01	2967.31560555	315.721116	510.62016285	4443.34753125
2013-05-01	2129.22699885	157.881159	338.75892	2510.79666075
2013-06-01	923.06807505	125.821098	1302.65572455	2571.6212604
2013-07-01	535.3213014	95.515065	1172.00830275	1939.734561825
2013-08-01	347.90777505	84.4214265	1082.1138282	1223.174540475
2013-09-01	270.3168063	69.5573145	1075.21058025	1088.72542485
2013-10-01	282.3407271	77.883552	894.988863	1614.5593281
2013-11-01	509.8037256	121.150557	417.9907584	2015.870266125
2013-12-01	1098.00882405	469.334925	410.7085011	3439.116151425
2014-01-01	2056.2609546	387.56367	667.3501674	3074.5018728
2014-02-01	2746.8220725	155.205972	319.48467345	3299.47985115
2014-03-01	3630.450465	157.7894355	746.11764945	4328.550298125
2014-04-01	3240.4818735	200.1784455	495.62587215	3956.568194475
2014-05-01	2157.1893738	120.9136455	683.35425045	2711.926406475
2014-06-01	974.15963415	83.4571035	2716.3285704	2215.98967995
2014-07-01	551.24778735	86.937201	1000.8341523	1612.756127475
2014-08-01	347.53656465	77.719725	414.94696065	1103.464827225
2014-09-01	271.7000163	71.245125	820.6632018	859.17348495
2014-10-01	275.2753689	56.085732	1187.22194505	759.088088100001
2014-11-01	446.72380695	113.241735	529.20040095	1288.581047775
2014-12-01	905.7726036	259.870824	511.39299465	2768.904259875
2015-01-01	1207.9998684	132.3010935	984.3477606	2405.59157205
2015-02-01	1501.65775485	181.836198	746.691093	3561.84800685
2015-03-01	2160.4374648	215.016561	530.6046534	4358.295885825
2015-04-01	2549.07204345	245.854296	476.04658365	3655.4696928
2015-05-01	2272.95016965	158.948487	447.5602566	3141.474080625
2015-06-01	1021.86370215	92.8011285	898.75114515	2403.62221455
2015-07-01	515.58814305	74.377458	1769.2546896	1990.79632305
2015-08-01	316.83155895	62.7619275	544.34429415	1220.561892225
2015-09-01	208.9721295	50.4297765	792.05042385	1248.8497875
2015-10-01	217.59820965	34.2079605	1856.0958507	1013.44113045
2015-11-01	269.85244995	44.6104845	1255.8943485	1811.49738345
2015-12-01	296.7476931	124.629183	1442.81865015	2382.24593025
2016-01-01	927.92736045	333.259434	1067.1967422	4967.38174095
2016-02-01	1802.3809014	483.3362475	883.17453285	3831.344819775
2016-03-01	1689.35886135	176.4892575	981.642555	4385.99375865
2016-04-01	1482.01538805	97.2215145000001	624.66592545	2674.2239523
2016-05-01	745.7358933	62.95077	698.01411825	2169.956622825
2016-06-01	400.9127256	55.3504725	694.5282819	2091.3256224
2016-07-01	255.22446465	46.0868895	682.6825107	1192.409448525
2016-08-01	169.1886555	46.6725465	754.22100375	1001.9723085
2016-09-01	166.0288545	40.42701	592.00804305	856.563264675
2016-10-01	188.9613972	46.778004	764.6442759	1000.66958955
2016-11-01	302.1867495	97.278903	443.91177045	1617.46382385
2016-12-01	571.43549205	223.925022	492.93753975	2271.805612425
2017-01-01	826.63018335	144.457155	790.99084575	2900.432472525
2017-02-01	2055.2031423	209.8824975	602.54476785	3197.1485529
2017-03-01	2521.1204595	134.4946095	402.21995715	3247.008687225
2017-04-01	2264.8895379	106.6126275	354.0235743	2746.7451621
2017-05-01	1184.33142855	62.902701	876.66549975	2537.67664935
2017-06-01	565.63062075	56.9445975	1655.96620995	2029.287108825
2017-07-01	314.06425605	46.7088435	275.8449375	1203.512112225
2017-08-01	216.9123435	43.422003	339.7274613	901.25230275
2017-09-01	165.6894285	34.9652925	177.41556675	681.3414837
2017-10-01	156.681396	29.658573	703.08265095	795.996937800001
2017-11-01	316.608921	66.441168	800.9248932	1712.280980925
2017-12-01	818.0723808	246.6386055	429.07463595	2875.65842115
2018-01-01	1206.3210831	191.2572315	947.6906355	3947.101299225
2018-02-01	2818.38136275	296.3399895	508.2597297	3934.376306775
2018-03-01	3170.1797838	316.194939	448.5420414	4185.47480805
2018-04-01	3360.8882439	203.8836825	401.51196945	3253.86227205
2018-05-01	1545.5345985	89.829189	197.53008885	2191.764498075
2018-06-01	675.16407765	66.184146	326.4596325	1666.50538725
2018-07-01	395.8940277	56.875437	397.79653005	1096.75471365
2018-08-01	268.7310198	50.9398965	291.2041602	967.62725325
2018-09-01	205.52661225	47.560842	696.2322789	851.4451179
2018-10-01	219.95001	56.1676455	1094.3903565	1329.4238301
2018-11-01	461.0392947	167.0981445	684.68350545	2697.794145
2018-12-01	1262.1058443	328.4736255	371.58528915	3221.916325875
2019-01-01	1244.19989655	187.376886	471.25949985	3013.971548625
2019-02-01	1507.91045265	156.131055	432.05520825	3517.639462575
2019-03-01	2476.5436233	235.715661	608.3889282	4771.35390645
2019-04-01	3051.87917895	241.6394295	455.79403485	3803.9087268
2019-05-01	1750.9920993	144.1378395	858.09507165	2764.244362725
2019-06-01	791.77103505	84.0260835	1136.8048725	2095.4744676
2019-07-01	439.5033036	70.1370855	464.1694695	1411.634475
2019-08-01	281.2306275	59.378949	192.87347805	991.6912323
2019-09-01	204.77163465	47.6427555	235.32752835	774.244023075
2019-10-01	247.92533415	37.901916	354.85433415	822.618531
2019-11-01	316.8032571	56.2304295	569.6349156	1241.67843225
2019-12-01	488.43141435	202.7712285	310.22707455	2585.112045975
2020-01-01	993.0865086	280.160847	225.6930783	3548.6209386
2020-02-01	2052.7563321	449.402967	176.0618358	5553.10917675
2020-03-01	3540.00717	568.0848375	127.72929015	5059.797410025
2020-04-01	3554.8815825	424.933884	69.0216885	3462.571419975
2020-05-01	2319.214473	201.0731175	112.5337473	2270.256956775
2020-06-01	1026.79312905	125.1770715	449.47923975	1683.094857525
2020-07-01	506.75247225	91.906947	801.17401815	1320.964201125
2020-08-01	304.74210735	81.458316	634.1466528	1014.722684325
2020-09-01	221.0976819	65.4822405	329.26298715	768.45335175
2020-10-01	205.2327537	76.0279905	180.1894914	733.659121125
2020-11-01	510.43455765	200.0881935	141.3324738	1177.877871
2020-12-01	572.31584145	191.3543505	496.27598085	2126.47097745
2021-01-01	936.93686445	240.9841215	779.71326975	3162.2242662
2021-02-01	1922.85010485	283.996557	665.7743871	3792.154507425
2021-03-01	3374.486964	369.300393	347.1112521	3768.844328775
2021-04-01	2446.52183505	150.311763	157.97440305	2739.5085213
2021-05-01	1575.09521865	102.1716405	166.8448503	1961.14971825
2021-06-01	703.52184465	62.755551	373.75320105	1599.40793025
2021-07-01	430.24575375	62.963523	291.8475981	1067.137121925
2021-08-01	279.11701395	52.6566465	220.3553592	730.460178225
2021-09-01	230.2419753	48.2656905	461.2327479	627.368359725
2021-10-01	285.53501025	57.67299	784.21046805	1186.648329825
2021-11-01	767.317599	195.6442635	341.97576615	1816.655898375
2021-12-01	1829.43182925	447.906942	137.03015115	2997.582423075
